   1.0000000000000000E-002   2.4658234747131744E-012  -1.4031074746147178E-011   0.0000000000000000        0.0000000000000000        1.1821913769721507E-005  -2.0749472247610682E-016  0.55106350777061242      -0.55106349440567137       -9.4045402545402546       -5.6188641060052554E-009   9.7410690754888760E-010   1.2216150045743746E-009   9.2492422557739600E-010   1.5012702046820373E-009  0.12094191305945957      -0.12094187337968167       -2.1502971003317213        2.3295524479662611E-009   1.6391883947510236E-011  -1.8501388683555906E-011
   2.0000000000000000E-002   3.9176970273967458E-012  -2.9985309224261205E-011   0.0000000000000000        0.0000000000000000        2.3643827539443015E-005  -8.2997888990443239E-016  0.77932149586853217      -0.77932145806677033       -9.4045402545402581       -1.1237728212010400E-008   1.5480853846583686E-009   1.6836179605989293E-009   1.4698898654065106E-009   2.2812893706261517E-009  0.17103772176588300      -0.17103760953452288       -2.1502971003317191        4.6591048959311516E-009   5.2014884227453076E-011  -4.0500746810018276E-011
   3.0000000000000006E-002   5.0485752748987467E-012  -4.6318235174959754E-011   0.0000000000000000        0.0000000000000000        3.5465741309164526E-005  -1.8674525022846784E-015  0.95447001680458488      -0.95446994735831414       -9.4045402545402581       -1.6856592318015462E-008   1.9956154069321664E-009   1.9960294012908124E-009   1.8947803418800473E-009   2.9192871912988802E-009  0.20947760691097775      -0.20947740072880369       -2.1502971003317155        6.9886573438933455E-009   1.0574476372753751E-010  -5.8842720375476454E-011
   4.0000000000000001E-002   6.0031367639172297E-012  -6.2843388284362985E-011   0.0000000000000000        0.0000000000000000        4.7287655078886030E-005  -3.3199155596173971E-015   1.1021270556360492       -1.1021269487165208       -9.4045402545402581       -2.2475456424020651E-008   2.3738354997778114E-009   2.2325001401748301E-009   2.2538555391852274E-009   3.4851940989959588E-009  0.24188394515830586      -0.24188362772008268       -2.1502971003317106        9.3182097918513414E-009   1.7695304323866490E-010  -6.9341916291089159E-011
   5.0000000000000003E-002   6.8413195623046338E-012  -7.9489519789856429E-011   0.0000000000000000        0.0000000000000000        5.9109568848607534E-005  -5.1873680619026710E-015   1.2322155230644083       -1.2322153736398249       -9.4045402545402599       -2.8094320530025701E-008   2.7064165710460564E-009   2.4211732577771563E-009   2.5695945291066744E-009   4.0057307180922108E-009  0.27043451638327753      -0.27043407274987391       -2.1502971003317040        1.1647762239804548E-008   2.6486792463442453E-010  -6.8416392383551403E-011
   6.0000000000000005E-002   7.5949132955061788E-012  -9.6220475088598115E-011   0.0000000000000000        0.0000000000000000        7.0931482618329038E-005  -7.4698100091378868E-015   1.3498244917494517       -1.3498242953257362       -9.4045402545402599       -3.3713184636030407E-008   3.0059127168671578E-009   2.5763301265400515E-009   2.8539196607020560E-009   4.4944561663004917E-009  0.29624621849989508      -0.29624563532864129       -2.1502971003316964        1.3977314687750386E-008   3.6848979017196902E-010  -5.2779592884260916E-011
   7.0000000000000007E-002   8.2832089276156093E-012  -1.1301495849808383E-010   0.0000000000000000        0.0000000000000000        8.2753396388050569E-005  -1.0167241401329379E-014   1.4579771042448859       -1.4579768567227147       -9.4045402545402617       -3.9332048742035636E-008   3.2799419522709780E-009   2.7063829440440564E-009   3.1140658148427876E-009   4.9593569711555681E-009  0.31998253998842263      -0.31998180510865182       -2.1502971003316866        1.6306867135687990E-008   4.8657008581693182E-010  -1.9340966323663014E-011
   8.0000000000000002E-002   8.9189683745837745E-012  -1.2985919282250580E-010   0.0000000000000000        0.0000000000000000        9.4575310157772060E-005  -1.3279662238470353E-014   1.5586431051423566       -1.5586428027282631       -9.4045402545402634       -4.4950912848040462E-008   3.5335438320825518E-009   2.8167741098817048E-009   3.3548192255906276E-009   5.4055999754577312E-009  0.34207578022614649      -0.34207488237526557       -2.1502971003316760        1.8636419583615998E-008   6.1760732575770372E-010   3.4832503820918275E-011
   9.0000000000000024E-002   9.5111606513195865E-012  -1.4674366684671405E-010   0.0000000000000000        0.0000000000000000        1.0639722392749358E-004  -1.6807072520560419E-014   1.6531906836911399       -1.6531903228377323       -9.4045402545402670       -5.0569776954044797E-008   3.7702600357872960E-009   2.9112609321791200E-009   3.5795436429155539E-009   5.8367521409346249E-009  0.36282621533613796      -0.36282514398213467       -2.1502971003316635        2.0965972031531643E-008   7.5984909149494118E-010   1.1253059968846358E-010
  0.10000000000000001        1.0066378485248102E-011  -1.6366149301757395E-010   0.0000000000000000        0.0000000000000000        1.1821913769721505E-004  -2.0749472247608611E-014   1.7426160101434900       -1.7426155875069460       -9.4045402545402705       -5.6188641060049318E-008   3.9926938260642896E-009   2.9925643374583231E-009   3.7907116159291260E-009   6.2553964717692962E-009  0.38245247449964742      -0.38245121971489532       -2.1502971003316498        2.3295524479436917E-008   9.1129652611053120E-010   2.1640281038691588E-010
  0.20000000000000001        1.4320871585703176E-011  -3.3392688840503598E-010   0.0000000000000000        0.0000000000000000        2.3643827539443008E-004  -8.2997888990427149E-014   2.4644314944026386       -2.4644302990059743       -9.4045402545403096       -1.1237728212007921E-007   5.7220674103932389E-009   3.3757230051478942E-009   5.4327849204434080E-009   1.0034135483373138E-008  0.54087036366973151      -0.54086681460250285       -2.1502971003314340        4.6591048957504790E-008   2.3292944486303772E-009   3.1646789153531268E-009
  0.30000000000000004        1.7217751851001001E-011  -5.0518899797476726E-010   0.0000000000000000        0.0000000000000000        3.5465741309164512E-004  -1.8674525022842786E-013   3.0183001996796466       -3.0182980035957430       -9.4045402545403753       -1.6856592318006940E-007   6.9470214227687414E-009   3.3644553747444818E-009   6.5967554890900892E-009   1.3439055546465877E-008  0.66242929067252199      -0.66242277061969246       -2.1502971003310734        6.9886573432829821E-008   9.2440712632788485E-010   1.0298858587991337E-008
  0.40000000000000002        1.9329981848232390E-011  -6.7691408373510538E-010   0.0000000000000000        0.0000000000000000        4.7287655078885995E-004  -3.3199155596141143E-013   3.4852332881970276       -3.4852299071046744       -9.4045402545404659       -2.2475456424000711E-007   7.8937215431612487E-009   3.1696715433407489E-009   7.4975134285469996E-009   1.6670287211668238E-008  0.76490871337032806      -0.76489867509231146       -2.1502971003305689        9.3182097904047160E-008  -8.0274403323540640E-009   2.0586681457654802E-008
  0.50000000000000000        2.0887685654204803E-011  -8.4890140699615245E-010   0.0000000000000000        0.0000000000000000        5.9109568848607482E-004  -5.1873680618955053E-013   3.8966097474491348       -3.8966050222289215       -9.4045402545405850       -2.8094320529986973E-007   8.6529811554884951E-009   2.8707024994223723E-009   8.2213684186254302E-009   1.9803078271708940E-008  0.85519534274223363      -0.85518131382221962       -2.1502971003299201        1.1647762236977940E-007  -2.9376764180146967E-008   2.9747274521016841E-008
  0.60000000000000009        2.2012731972029596E-011  -1.0210506242784668E-009   0.0000000000000000        0.0000000000000000        7.0931482618328938E-004  -7.4698100091243867E-013   4.2685226305671113       -4.2685164191038316       -9.4045402545407306       -3.3713184635963344E-007   9.2728818157945341E-009   2.5072015911374255E-009   8.8140288276215224E-009   2.2875026457244303E-008  0.93682109739282449      -0.93680265589854717       -2.1502971003291274        1.3977314682865457E-007  -6.6509887526305846E-008   2.9932529267347851E-008
  0.70000000000000018        2.2779813744497797E-011  -1.1933035550081897E-009   0.0000000000000000        0.0000000000000000        8.2753396388050393E-004  -1.0167241401297791E-012   4.6105319480946152       -4.6105241207562795       -9.4045402545409011       -3.9332048741928152E-007   9.7828862137976546E-009   2.1021554707545450E-009   9.3035094760643222E-009   2.5907917840887961E-008   1.0118840954435682       -1.0118608565047482       -2.1502971003281899        1.6306867127929004E-007  -1.1957398128451084E-007   1.0001289454785629E-008
  0.80000000000000004        2.3239147047220530E-011  -1.3656231822469433E-009   0.0000000000000000        0.0000000000000000        9.4575310157771794E-004  -1.3279662238420244E-012   4.9288665749976239       -4.9288570118243014       -9.4045402545410983       -4.4950912847880244E-007   1.0202798145391967E-008   1.6701832728351948E-009   9.7086448974276772E-009   2.8915601973513655E-008   1.0817513746360523       -1.0817229820982259       -2.1502971003271094        1.8636419572037482E-007  -1.8369477137665276E-007  -4.3538401181253597E-008
  0.90000000000000013        2.3426738986711691E-011  -1.5379844020151558E-009   0.0000000000000000        0.0000000000000000        1.0639722392749322E-003  -1.6807072520484052E-012   5.2278531020723209       -5.2278416908856293       -9.4045402545413221       -5.0569776953817206E-007   1.0546815147109622E-008   1.2211931344674820E-009   1.0042940340271250E-008   3.1907461012551732E-008   1.1473724810501817       -1.1473386018618785       -2.1502971003258837        2.0965972015044833E-007  -2.4738840904827256E-007  -1.4489155478358938E-007
   1.0000000000000000        2.3369668803437096E-011  -1.7103693806207681E-009   0.0000000000000000        0.0000000000000000        1.1821913769721460E-003  -2.0749472247492037E-012   5.5106416933563045       -5.5106283284152831       -9.4045402545415726       -5.6188641059737730E-007   1.0825612662745629E-008   7.6221755868146787E-010   1.0316552481635578E-008   3.4890150775713374E-008   1.2094387722614803       -1.2093990924835867       -2.1502971003245142        2.3295524456819682E-007  -2.9138155324697361E-007  -3.0666708220140880E-007
   2.0000000000000000        1.2577872477204862E-011  -3.4337029103515114E-009   0.0000000000000000        0.0000000000000000        2.3643827539442616E-003  -8.2997888988474279E-012   7.7932336705821177       -7.7931958688204155       -9.4045402545455214       -1.1237728211758571E-006   1.1301486161759004E-008  -3.6607171159546138E-009   1.0928550298649689E-008   6.4889389223854199E-008   1.7104327731823390       -1.7103205418222913       -2.1502971003028910        4.6591048776569204E-007   8.3093039099065293E-006  -4.9094051143227313E-007
   3.0000000000000000       -1.1793342465661260E-011  -5.1540697229466868E-009   0.0000000000000000        0.0000000000000000        3.5465741309163175E-003  -1.8674525021858412E-011   9.5447345440180413       -9.5446650977473801       -9.4045402545521029       -1.6856592317165217E-006   9.5445681749304520E-009  -6.9957996292144973E-009   9.5552674076033658E-009   9.5940430120146669E-008   2.0948781320422634       -2.0946719498684780       -2.1502971002668518        6.9886572822170862E-007  -8.2448958548246095E-006   7.1534938443004495E-005
   4.0000000000000000       -4.6274001787209295E-011  -6.8708942200061449E-009   0.0000000000000000        0.0000000000000000        4.7287655078882837E-003  -3.3199155593051240E-011   11.021323481666963       -11.021216562138802       -9.4045402545613150       -2.2475456422005040E-006   6.9204211716182713E-009  -9.0424823824827357E-009   7.4975028571155250E-009   1.2822771565467100E-007   2.4189965891616283       -2.4186791509391985       -2.1502971002163971        9.3182096456555611E-007  -4.2023144761044033E-004  -6.3422639959592650E-006
   5.0000000000000009       -8.9146264929985423E-011  -8.5844816170727140E-009   0.0000000000000000        0.0000000000000000        5.9109568848601324E-003  -5.1873680611382228E-011   12.322229196057386       -12.322079771474208       -9.4045402545731616       -2.8094320526088879E-006   4.1039929396662321E-009  -9.9499217191462066E-009   5.3984705299323626E-009   1.6160546475263164E-007   2.7045647722516502       -2.7041211388497470       -2.1502971001515263        1.1647761954265283E-006  -4.9479808446408337E-004  -1.8640086035393731E-003
   6.0000000000000000       -1.3945234102590057E-010  -1.0295360658698820E-008   0.0000000000000000        0.0000000000000000        7.0931482618318276E-003  -7.4698100075571750E-011   13.498342147619651       -13.498145723904004       -9.4045402545876406       -3.3713184629228107E-006   1.4704599652645297E-009  -9.9563611852575629E-009   3.6159222466332202E-009   1.9584412639423216E-007   2.9627508703608916       -2.9621676991102968       -2.1502971000722395        1.3977314194338936E-006   5.9312259110271808E-003  -4.5873950399645536E-003
   7.0000000000000000       -1.9668180907067441E-010  -1.2004087857807885E-008   0.0000000000000000        0.0000000000000000        8.2753396388033432E-003  -1.0167241398397193E-010   14.579893566491117       -14.579646044319535       -9.4045402546047523       -3.9332048731233459E-006  -7.8163092798785268E-010  -9.3114372598188318E-009   2.3394355358800610E-009   2.3070378793457533E-007   3.2001891882922560       -3.1994543085268905       -2.1502970999785385        1.6306866352169014E-006   2.3551299249771163E-002   1.0499284219759613E-002
   8.0000000000000000       -2.6061398688656148E-010  -1.3711161778039819E-008   0.0000000000000000        0.0000000000000000        9.4575310157746541E-003  -1.3279662233467231E-010   15.586580747192055       -15.586278333098452       -9.4045402546244965       -4.4950912831915669E-006  -2.5682650895265856E-009  -8.2421425214724567E-009   1.6495447323085546E-009   2.6596632423606411E-007   3.4212022704523242       -3.4203044195800838       -2.1502970998704201        1.8636418414047505E-006   1.1917036777911120E-002   7.9715190385721640E-002
   9.0000000000000018       -3.3121503081025656E-010  -1.5416984768305642E-008   0.0000000000000000        0.0000000000000000        1.0639722392745727E-002  -1.6807072512555831E-010   16.532085460411505       -16.531724607003998       -9.4045402546468715       -5.0569776931085984E-006  -3.8794006382180859E-009  -6.9376111540086529E-009   1.5563436953008204E-009   3.0144975275817675E-007   3.6287925165554658       -3.6277211625652841       -2.1502970997478870        2.0965970366269799E-006 -0.16631618989017932       0.16360749391411533     
   10.000000000000002       -4.0856405017431646E-010  -1.7121852001758690E-008   0.0000000000000000        0.0000000000000000        1.1821913769716525E-002  -2.0749472235401658E-010   17.426369307908089       -17.425946671363956       -9.4045402546718808       -5.6188641028555847E-006  -4.7498320075502810E-009  -5.5447284491301762E-009   2.0272053587441017E-009   3.3701234796100098E-007   3.8251459193569710       -3.8238911346238034       -2.1502970996109383        2.3295522195126825E-006 -0.62958589846193058       -7.1889771742126046E-002
   20.000000000000004       -1.5835846943633428E-009  -3.4129236728073671E-008   0.0000000000000000        0.0000000000000000        2.3643827539403153E-002  -8.2997888795076703E-010   24.644906673203796       -24.643711276538721       -9.4045402550667525       -1.1237728186813758E-005  -2.1946186938772600E-009   2.1162654666985452E-009   2.5465509158923412E-008   6.8598530711106342E-007   5.4104607411863457       -5.4069116741721901       -2.1502970974485871        4.6591030683028902E-006  -908.16416601837852       -1466.4288292062179     
   29.999999999999996       -3.5291323014103732E-009  -5.1001035640411452E-008   0.0000000000000000        0.0000000000000000        3.5465741309029977E-002  -1.8674524923942370E-009   30.184089079899568       -30.181892995998233       -9.4045402557248767       -1.6856592232976702E-005   5.9063441089588123E-010   1.2169023592429841E-009   6.3654998486985899E-008   1.0242933979268444E-006   6.6275212041026892       -6.6210011521594865       -2.1502970938446726        6.9886511756514921E-006  -638196.02370124706       -155733.34581818836     
   40.000000000000007       -6.2312460368993992E-009  -6.7641716619380091E-008   0.0000000000000000        0.0000000000000000        4.7287655078567130E-002  -3.3199155283588249E-009   34.854006566965928       -34.850625474616933       -9.4045402566462428       -2.2475456222447245E-005   6.4470384275598424E-010   3.7449838662792154E-011   1.1344227461931321E-007   1.3581519798223448E-006   7.6540578694730526       -7.6440195938825397       -2.1502970887991970        9.3181951708427013E-006  -15195686.505631557        91925582.778038830     
   50.000000000000000       -9.6551255254500923E-009  -8.3976855248203459E-008   0.0000000000000000        0.0000000000000000        5.9109568847984684E-002  -5.1873679855884320E-009   38.968436535850920       -38.963711315647807       -9.4045402578308632       -2.8094320136327884E-005   2.0805866988647522E-010  -2.5196888780555294E-010   1.7640487508458859E-007   1.6871598040076779E-006   8.5589008660704700       -8.5448719513546862       -2.1502970823121679        1.1647733683172505E-005   6342836407.0350132       -3198574318.5921893     
   60.000000000000007       -1.3762711274114886E-008  -9.9940427786067030E-008   0.0000000000000000        0.0000000000000000        7.0931482617252753E-002  -7.4698098508920049E-009   42.688301102014627       -42.682089638753588       -9.4045402592787291       -3.3713183955720638E-005  -2.7892919950819310E-011  -1.7083883296072892E-010   2.5248338920536929E-007   2.0094299336253219E-006   9.3773444394865937       -9.3589029552381255       -2.1502970743835927        1.3977265341946472E-005  -349118012328.08008       -27445492348.909195     
   69.999999999999986       -1.8511222025213743E-008  -1.1547091809468299E-007   0.0000000000000000        0.0000000000000000        8.2753396386341438E-002  -1.0167241108159047E-008   46.109194192810492       -46.101366854505841       -9.4045402609898439       -3.9332047661728848E-005  -7.7327373833243389E-011  -5.5494369843986560E-011   3.4080773453344825E-007   2.3233711818562398E-006   10.130351469806850       -10.107112548188843       -2.1502970650134814        1.6306788776481298E-005   11787289226160.748        3974408630496.6304     
   80.000000000000014       -2.3852407167167866E-008  -1.3051185260953006E-007   0.0000000000000000        0.0000000000000000        9.4575310155220860E-002  -1.3279661738333194E-008   49.293399771248474       -49.283836597974847       -9.4045402629642059       -4.4950911235454289E-005  -5.3648970196355155E-011   6.0323973154169035E-012   4.4029441589019304E-007   2.6277570918086369E-006   10.831578161017090       -10.803185650640595       -2.1502970542018445        1.8636302616113817E-005  -322379663979958.38       -112409390986052.52     
   90.000000000000000       -2.9733039388187753E-008  -1.4501273427698675E-007   0.0000000000000000        0.0000000000000000       0.10639722392386110       -1.6807071719442600E-008   52.284179894371789       -52.272768707754587       -9.4045402652018204       -5.0569774657999744E-005  -2.1820353584257822E-011   2.2639821000296689E-011   5.4980730670830191E-007   2.9215891206925401E-006   11.490508575940623       -11.456629429091969       -2.1502970419486962        2.0965805490204173E-005   7509465303323175.0        1155180037379574.5     
