   1.0000000000000000E-002   1.4279708450605254E-010  -2.3037255358713786E-010   0.0000000000000000        0.0000000000000000        1.4053664403545948E-005  -8.1089151695874093E-015  0.16303989060526794      -0.16303986701185405       -7.8653691263517933       -6.4778454503603947E-008   2.1089822626913972E-009   6.7970108243591941E-009   1.3277480212247494E-009   8.0571001300382296E-009  0.13746727887887364      -0.13746723357522223       -1.7060517616120185        8.0827804861415498E-009   2.0986355938595995E-010  -2.4028954370849199E-010
   2.0000000000000000E-002   3.2357149311533866E-010  -6.0634240968959001E-010   0.0000000000000000        0.0000000000000000        2.8107328807091886E-005  -3.2435660678347529E-014  0.23057324118486053      -0.23057317445260878       -7.8653691263518200       -1.2955690900720128E-007   4.7795496099215310E-009   1.1444009174267373E-008   3.0090664719598920E-009   1.4760659377255330E-008  0.19440812220755541      -0.19440799406947884       -1.7060517616120110        1.6165560972278160E-008   5.7117251055879351E-010  -6.5025497570579934E-010
   3.0000000000000006E-002   5.0617435425817593E-010  -1.0515067570151745E-009   0.0000000000000000        0.0000000000000000        4.2160993210637821E-005  -7.2980236526273928E-014  0.28239341505379378      -0.28239329245881895       -7.8653691263518644       -1.9433536351078376E-007   7.4778482779113582E-009   1.5069137722291829E-008   4.7078855430594399E-009   2.0820931536752953E-008  0.23810038986470333      -0.23810015446002517       -1.7060517616119983        2.4248341458405108E-008   1.0332955237733443E-009  -1.1523213243605724E-009
   4.0000000000000001E-002   6.8469835309136525E-010  -1.5416532438110358E-009   0.0000000000000000        0.0000000000000000        5.6214657614183717E-005  -1.2974264271335955E-013  0.32607985199079148      -0.32607966324348031       -7.8653691263519239       -2.5911381801434554E-007   1.0116604978910597E-008   1.8029916103925562E-008   6.3692772818469670E-009   2.6463000603851704E-008  0.27493469366876239      -0.27493433123955091       -1.7060517616119806        3.2331121944516853E-008   1.5827807526409995E-009  -1.7195959144961008E-009
   5.0000000000000003E-002   8.5750117352237093E-010  -2.0643025808255034E-009   0.0000000000000000        0.0000000000000000        7.0268322017729592E-005  -2.0272287923958982E-013  0.36456838395048780      -0.36456812016810142       -7.8653691263520003       -3.2389227251787881E-007   1.2671538327676920E-008   2.0510617314487605E-008   7.9779661539436815E-009   3.1802878116254747E-008  0.30738638285927977      -0.30738587634905856       -1.7060517616119575        4.0413902430609159E-008   2.2131480767471400E-009  -2.3368630683235332E-009
   6.0000000000000005E-002   1.0241964923425175E-009  -2.6118792745506619E-009   0.0000000000000000        0.0000000000000000        8.4321986421275440E-005  -2.9192094610493723E-013  0.39936468418169790      -0.39936433743074623       -7.8653691263520962       -3.8867072702137746E-007   1.5136921192118008E-008   2.2623105769384365E-008   9.5303548226972493E-009   3.6910988942788349E-008  0.33672496700936300      -0.33672430118438595       -1.7060517616119293        4.8496682916676451E-008   2.9206095474828830E-009  -2.9939531793681714E-009
   7.0000000000000007E-002   1.1848485887520486E-009  -3.1793381243168329E-009   0.0000000000000000        0.0000000000000000        9.8375650824821260E-005  -3.9733684330941303E-013  0.43136319159169068      -0.43136275463555085       -7.8653691263522063       -4.5344918152483672E-007   1.7513685196675518E-008   2.4441883621339110E-008   1.1027036224577348E-008   4.1834235736803059E-008  0.36370459290910445      -0.36370375387373810       -1.7060517616118962        5.6579463402715031E-008   3.7026988752582546E-009  -3.6833948021614013E-009
   8.0000000000000002E-002   1.3396925953760988E-009  -3.7631069267049674E-009   0.0000000000000000        0.0000000000000000        1.1242931522836700E-004  -5.1897057085294645E-013  0.46114668256655478      -0.46114614870854065       -7.8653691263523351       -5.1822763602824352E-007   1.9805288271760218E-008   2.6019702521366072E-008   1.2470192509300490E-008   4.6605827745115761E-008  0.38881662882968415      -0.38881560372507151       -1.7060517616118582        6.4662243888717075E-008   4.5576933667136103E-009  -4.3993455920565725E-009
   9.0000000000000024E-002   1.4890232679432675E-009  -4.3605426465884474E-009   0.0000000000000000        0.0000000000000000        1.2648297963191273E-004  -6.5682212873554193E-013  0.48911995493688087      -0.48911931791470648       -7.8653691263524825       -5.8300609053159410E-007   2.2016071223079259E-008   2.7395593715772326E-008   1.3862560752237143E-008   5.1250336356498810E-008  0.41240238028092430      -0.41240115708233543       -1.7060517616118149        7.2745024374682511E-008   5.4843278379399333E-009  -5.1370293100706520E-009
  0.10000000000000001        1.6331475184224210E-009  -4.9696233518422461E-009   0.0000000000000000        0.0000000000000000        1.4053664403545834E-004  -8.1089151695711849E-013  0.51557773951764496      -0.51557699342838870       -7.8653691263526460       -6.4778454503488094E-007   2.4150556195223617E-008   2.8599416928116484E-008   1.5206991520974399E-008   5.5786558949227843E-008  0.43471034968569439      -0.43470891705844578       -1.7060517616117665        8.0827804860602168E-008   6.4816369662608966E-009  -5.8924089880784931E-009
  0.20000000000000001        2.8444070617421754E-009  -1.1460649331816008E-008   0.0000000000000000        0.0000000000000000        2.8107328807090980E-004  -3.2435660678088212E-012  0.72913755924890733      -0.72913544898981786       -7.8653691263552261       -1.2955690900627520E-006   4.2129965531927777E-008   3.4722187960149646E-008   2.6538397039567175E-008   9.7426697309738365E-008  0.61477428525261868      -0.61477023317084922       -1.7060517616110018        1.6165560971627087E-007   2.0224663759703006E-008  -1.3794124036950852E-008
  0.30000000000000004        3.7561622943456261E-009  -1.8334413423288539E-008   0.0000000000000000        0.0000000000000000        4.2160993210634771E-004  -7.2980236524962014E-012  0.89300813236259258      -0.89300425556909646       -7.8653691263595249       -1.9433536350765963E-006   5.5739669365773614E-008   3.5184335623711060E-008   3.5130429516808066E-008   1.3550635804811282E-007  0.75294289362371125      -0.75293544947416258       -1.7060517616097273        2.4248341456206706E-007   4.0627823365189359E-008  -2.0944244314018530E-008
  0.40000000000000002        4.4656306938910807E-009  -2.5388243833757152E-008   0.0000000000000000        0.0000000000000000        5.6214657614176485E-004  -1.2974264270920589E-011   1.0311577173074333       -1.0311517485933834       -7.8653691263655459       -2.5911381800693915E-006   6.6413025785008548E-008   3.2979896732461393E-008   4.1886279619167514E-008   1.7190996992598780E-007  0.86942499727234357      -0.86941353625435491       -1.7060517616079431        3.2331121939305884E-007   6.7500813062369101E-008  -2.5860986996002903E-008
  0.50000000000000000        5.0248909776879117E-009  -3.2541836129477359E-008   0.0000000000000000        0.0000000000000000        7.0268322017715478E-004  -2.0272287922944340E-011   1.1528702098675483       -1.1528618683360774       -7.8653691263732863       -3.2389227250341267E-006   7.4917796774924633E-008   2.9295526963873454E-008   4.7289760794376646E-008   2.0738427127401148E-007  0.97204829935810733      -0.97203228209853632       -1.7060517616056490        4.0413902420431205E-007   1.0064006222178758E-007  -2.7327757274609418E-008
  0.60000000000000009        5.4659850396429312E-009  -3.9754467251842807E-008   0.0000000000000000        0.0000000000000000        8.4321986421251056E-004  -2.9192094608390925E-011   1.2629069534132615       -1.2628959881853803       -7.8653691263827463       -3.8867072699637748E-006   8.1726291629311556E-008   2.4733160852336907E-008   5.1638528080632552E-008   2.4230797273381445E-007   1.0648273157060675       -1.0648062604715638       -1.7060517616028452        4.8496682899089013E-007   1.3978686741230671E-007  -2.4247892913511552E-008
  0.70000000000000018        5.8105440705618192E-009  -4.7002523353175811E-008   0.0000000000000000        0.0000000000000000        9.8375650824782525E-004  -3.9733684327044449E-011   1.3640964022029305       -1.3640825844365365       -7.8653691263939258       -4.5344918148513813E-006   8.7157320423310235E-008   1.9641941428347069E-008   5.5133515857478369E-008   2.7690069187690718E-007   1.1501468488218507       -1.1501203161939035       -1.7060517615995316        5.6579463374786049E-007   1.8461680815719246E-007  -1.5597027004583129E-008
  0.80000000000000004        6.0741511366218571E-009  -5.4271098670923424E-008   0.0000000000000000        0.0000000000000000        1.1242931522830915E-003  -5.1897057078643360E-011   1.4582814492998326       -1.4582645672271157       -7.8653691264068266       -5.1822763596898345E-006   9.1440525711145982E-008   1.4242325527775826E-008   5.7919470698333926E-008   3.1130106643647919E-007   1.2295607268592064       -1.2295283102050523       -1.7060517615957080        6.4662243847029615E-007   2.3473682648391765E-007  -4.0329359471280966E-010
  0.90000000000000013        6.2685818975292608E-009  -6.1550222728395213E-008   0.0000000000000000        0.0000000000000000        1.2648297963183037E-003  -6.5682212862905235E-011   1.5467421716590091       -1.5467220272490925       -7.8653691264214443       -5.8300609044722352E-006   9.4749422854275680E-008   8.6818240632010190E-009   6.0105769441150963E-008   3.4560183536828120E-007   1.3041482407377354       -1.3041095598020276       -1.7060517615913746        7.2745024315324938E-007   2.8968486612567577E-007   2.2261635527612850E-008
   1.0000000000000000        6.4030659402688593E-009  -6.8832945835590621E-008   0.0000000000000000        0.0000000000000000        1.4053664403534539E-003  -8.1089151679481952E-011   1.6304105848386587       -1.6303869914247862       -7.8653691264377850       -6.4778454491914719E-006   9.7219997664444403E-008   3.0632907979676043E-009   6.1778137654676999E-008   3.7986764158370945E-007   1.3746952142986533       -1.3746499106472234       -1.7060517615865318        8.0827804779178442E-007   3.4893052829806052E-007   5.3286486129352665E-008
   2.0000000000000000        5.6311767542348216E-009  -1.4120042651823710E-007   0.0000000000000000        0.0000000000000000        2.8107328807000617E-003  -3.2435660652116724E-010   2.3057654445740767       -2.3056987123223198       -7.8653691266957821       -1.2955690891368718E-005   9.3205554416846305E-008  -4.6570824243159393E-008   6.1198445809914762E-008   7.2671943138902332E-007   1.9441446515686980       -1.9440165134922014       -1.7060517615100641        1.6165560906488553E-006   1.0149283078777196E-006   9.9018764629467592E-007
   3.0000000000000000        2.9333363007453979E-009  -2.1217964842024476E-007   0.0000000000000000        0.0000000000000000        4.2160993210329780E-003  -7.2980236393476590E-010   2.8239948357691991       -2.8238722407945733       -7.8653691271257760       -1.9433536319517319E-005   6.5289266307998473E-008  -7.6089455910689588E-008   4.7015824945672494E-008   1.0863241920662346E-006   2.3811204271185837       -2.3808850224407343       -1.7060517613826178        2.4248341236365383E-006   1.0794175613003747E-006   3.4091075394728545E-006
   4.0000000000000000       -3.7743502084443460E-010  -2.8187199388515430E-007   0.0000000000000000        0.0000000000000000        5.6214657613453565E-003  -1.2974264229365926E-009   3.2608919513024075       -3.2607032039915080       -7.8653691277277682       -2.5911381726623350E-005   3.2804276522080042E-008  -8.6968374700436302E-008   3.1427276062106027E-008   1.4577148630999362E-006   2.7495263456255468       -2.7491639164149335       -1.7060517612041926        3.2331121418199651E-006  -8.3580697602100653E-007   7.3062618706794413E-006
   5.0000000000000009       -3.7511620069120042E-009  -3.5063864115671159E-007   0.0000000000000000        0.0000000000000000        7.0268322016303524E-003  -2.0272287821491771E-009   3.6458144143637208       -3.6455506319777014       -7.8653691285017597       -3.2389227105672292E-005   3.8426104672981846E-009  -8.4548190314624920E-008   1.9542346172265212E-008   1.8374991649296192E-006   3.0741145624691111       -3.0736080522498268       -1.7060517609747889        4.0413901402646268E-006  -6.3067607816885432E-006   1.1874760155114612E-005
   6.0000000000000000       -6.9772269047397562E-009  -4.1883003502088161E-007   0.0000000000000000        0.0000000000000000        8.4321986418811178E-003  -2.9192094398017689E-009   3.9938184876041540       -3.9934717366528356       -7.8653691294477488       -3.8867072449649875E-005  -1.8504770279681215E-008  -7.4024890124600268E-008   1.3316863383074990E-008   2.2223792654759556E-006   3.3675792713085646       -3.3669134463351771       -1.7060517606944070        4.8496681140357555E-006  -1.6772241997980955E-005   1.5369937554787652E-005
   7.0000000000000000       -1.0018940387391413E-008  -4.8672266180714211E-007   0.0000000000000000        0.0000000000000000        9.8375650820908076E-003  -3.9733683937302872E-009   4.3138482151839099       -4.3134112590447158       -7.8653691305657336       -4.5344917751541936E-005  -3.3710977399470504E-008  -5.9510113982992827E-008   1.3089086904045347E-008   2.6097419785677799E-006   3.6374612778413322       -3.6366222424812826       -1.7060517603630458        5.6579460581984688E-006  -3.3144505331977048E-005   1.5079406839819225E-005
   8.0000000000000000       -1.2924835965954423E-008  -5.5451030553934415E-007   0.0000000000000000        0.0000000000000000        1.1242931522252579E-002  -5.1897056413764859E-009   4.6117310937292890       -4.6111972357161637       -7.8653691318557168       -5.1822763004334484E-005  -4.2505760228732261E-008  -4.3898793012314005E-008   1.8403821693821978E-008   2.9977415387065066E-006   3.8886737517240046       -3.8876486471213783       -1.7060517599807066        6.4662239678183078E-006  -5.5391579646318247E-005   7.4159847849810883E-006
   9.0000000000000018       -1.5777674371095970E-008  -6.2231502224386632E-007   0.0000000000000000        0.0000000000000000        1.2648297962359584E-002  -6.5682211797892908E-009   4.8915148865498095       -4.8908778643767290       -7.8653691333176985       -5.8300608201012930E-005  -4.6123519217646372E-008  -2.9029322271461471E-008   2.8486482962663988E-008   3.3851984816342037E-006   4.1246293353006003       -4.1234061367268549       -1.7060517595473887        7.2745018379604551E-006  -8.2122212508926008E-005  -1.1855169699204912E-005
   10.000000000000002       -1.8666196654967931E-008  -6.9020394599872955E-007   0.0000000000000000        0.0000000000000000        1.4053664402404976E-002  -8.1089150056240070E-009   5.1561467239392229       -5.1554006346852042       -7.8653691349516777       -6.4778453334563067E-005  -4.5886622975518837E-008  -1.5930620681266422E-008   4.2505870894071739E-008   3.7714439151960489E-006   4.3478127113571521       -4.3463800841302840       -1.7060517590630921        8.0827796636900476E-006  -1.1020775172715485E-004  -4.7250694215126929E-005
   20.000000000000004       -6.0816180422037631E-008  -1.3732484217069339E-006   0.0000000000000000        0.0000000000000000        2.8107328797964112E-002  -3.2435658054929323E-008   7.2924202532146953       -7.2903099941495730       -7.8653691607513547       -1.2955689965487243E-004  -9.6501992056486851E-010   1.6074980400166188E-008   2.9237063370594138E-007   7.5620508560324960E-006   6.1497489950479318       -6.1456969135244153       -1.7060517514163076        1.6165554392668392E-005   1.6330253912622298E-003  -1.1908890257731602E-003
   29.999999999999996       -1.3433150626071901E-007  -2.0529396158730586E-006   0.0000000000000000        0.0000000000000000        4.2160993179831581E-002  -7.2980223245223037E-008   8.9320005636673176       -8.9281237702727569       -7.8653692037508085       -1.9433533194667947E-004   5.9205853672033151E-009   1.2717835226978129E-009   6.6721220603047864E-007   1.1293618764720507E-005   7.5331147877748048       -7.5256706392434687       -1.7060517386716774        2.4248319252234209E-005   8.7368404169980360E-003   1.2908601130692690E-002
   40.000000000000007       -2.3647349752557495E-007  -2.7226341298799936E-006   0.0000000000000000        0.0000000000000000        5.6214657541161575E-002  -1.2974260073867740E-007   10.314532153015309       -10.308563439243731       -7.8653692639500283       -2.5911374319573818E-004   1.3812288593081932E-009  -2.1042505258462709E-009   1.1795729893249922E-006   1.4986516145262952E-005   8.6999252239710092       -8.6884642087668169       -1.7060517208292176        3.2331069307705421E-005  -5.6461644875437117E-002   6.0184986818718443E-002
   50.000000000000000       -3.6512165874531086E-007  -3.3801758892604905E-006   0.0000000000000000        0.0000000000000000        7.0268321875108231E-002  -2.0272277676235140E-007   11.532831971611005       -11.524490440747316       -7.8653693413490053       -3.2389212638781145E-004  -5.2263109205371697E-010  -9.9837762208200343E-010   1.8322778517612436E-006   1.8621175137541998E-005   9.7284151130208851       -9.7123978595302347       -1.7060516978889506        4.0413799624434308E-005 -0.32412618837918339      -0.12466568384603539     
   60.000000000000007       -5.1891253086582199E-007  -4.0233873506327043E-006   0.0000000000000000        0.0000000000000000        8.4321986174825794E-002  -2.9192073360818596E-007   12.634498607227798       -12.623533380495241       -7.8653694359477191       -3.8867047450867007E-004  -5.3030629515258105E-010  -6.5984069145532559E-011   2.6172637146123068E-006   2.2180550428618887E-005   10.658701138031779       -10.637645915038371       -1.7060516698509052        4.8496505267812437E-005 -0.16862015176655804       -1.2362359479780733     
   69.999999999999986       -6.9630743561068681E-007  -4.6499826651541495E-006   0.0000000000000000        0.0000000000000000        9.8375650433468423E-002  -3.9733644963304137E-007   13.647805705851447       -13.633987941427840       -7.8653695477461509       -4.5344878054410029E-004  -1.9122653857274632E-010   1.8407817620846020E-010   3.5245891889299632E-006   2.5651367465485458E-005   11.514610429227297       -11.488077821021731       -1.7060516367151159        5.6579181303281817E-005   2.9805043200625061       -2.6484285452529468     
   80.000000000000014       -8.9548946150417628E-007  -5.2578161664081346E-006   0.0000000000000000        0.0000000000000000       0.11242931464419040       -5.1896989925865157E-007   14.591173757052415       -14.574291687479448       -7.8653696767442689       -5.1822703747991415E-004   3.6418945951364112E-012   1.3693572657052448E-010   4.5437969674852407E-006   2.9022162326595000E-005   12.311665086024540       -12.279248463373655       -1.7060515984816256        6.4661822796349577E-005   11.436120517417764        2.1245052277683620     
   90.000000000000000       -1.1144297202847228E-006  -5.8449731153564865E-006   0.0000000000000000        0.0000000000000000       0.12648297880014586       -6.5682105297168330E-007   15.477396740559927       -15.457252335391676       -7.8653698229420543       -5.8300523830191828E-004   5.2853099266066886E-011   5.0387431001164273E-011   5.6637393269743651E-006   3.2282717414418196E-005   13.060645004313294       -13.021964116181284       -1.7060515551504813        7.2744424812598598E-005   16.045355700330084        27.142449756767395     
