   1.0000000000000000        6.4030659402688593E-009  -6.8832945835590621E-008   0.0000000000000000        0.0000000000000000        1.4053664403534539E-003  -8.1089151679481952E-011   1.6304105848386587       -1.6303869914247862       -7.8653691264377850       -6.4778454491914719E-006   9.7219997664444403E-008   3.0632907979676043E-009   6.1778137654676999E-008   3.7986764158370945E-007   1.3746952142986533       -1.3746499106472234       -1.7060517615865318        8.0827804779178442E-007   3.4893052829806052E-007   5.3286486129352665E-008   0.0000000000000000     
   1.0000000000000000        6.4013355645049768E-009  -6.8814585925786909E-008   2.4527026310366833E-005  -1.4152008327648500E-012   1.4051523962375430E-003  -8.1076801408917034E-011   1.6304105847464145       -1.6303869915170290       -7.8653691264377850       -6.4778454491914719E-006   9.7194029316698779E-008   3.0624304845168013E-009   6.1761420592240534E-008   3.7976660547106248E-007   1.3746952141892481       -1.3746499107566250       -1.7060517615865318        8.0827804779178442E-007   3.4883751917682934E-007   5.3272505714949648E-008   1.0000000000000000     
   1.0000000000000000        6.3961465970362229E-009  -6.8759528578614093E-008   4.9046581450920890E-005  -2.8299705816466812E-012   1.4045103290897208E-003  -8.1039754359234367E-011   1.6304105844697943       -1.6303869917936453       -7.8653691264377850       -6.4778454491914719E-006   9.7116155996714787E-008   3.0598506703872630E-009   6.1711290134371463E-008   3.7946361980582075E-007   1.3746952138611659       -1.3746499110846961       -1.7060517615865318        8.0827804779178442E-007   3.4855860508295186E-007   5.3230581117880355E-008   2.0000000000000000     
   1.0000000000000000        6.3875055146093168E-009  -6.8667840913480490E-008   7.3551196527640096E-005  -4.2438782940748028E-012   1.4034404344898613E-003  -8.0978021815324131E-011   1.6304105840091350       -1.6303869922542977       -7.8653691264377850       -6.4778454491914719E-006   9.6986472835392502E-008   3.0555547328033015E-009   6.1627808443124141E-008   3.7895905245771278E-007   1.3746952133148065       -1.3746499116310376       -1.7060517615865318        8.0827804779178442E-007   3.4809412568797358E-007   5.3160762257589958E-008   3.0000000000000000     
   1.0000000000000000        6.3754231027324373E-009  -6.8539634705080667E-008   9.8033407197390540E-005  -5.6564932800631771E-012   1.4019430383382233E-003  -8.0891622581517235E-011   1.6304105833649980       -1.6303869928984254       -7.8653691264377850       -6.4778454491914719E-006   9.6805138254752673E-008   3.0495482956506247E-009   6.1511079034405455E-008   3.7825351604858553E-007   1.3746952125508356       -1.3746499123949831       -1.7060517615865318        8.0827804779178442E-007   3.4744464665164432E-007   5.3063132269935245E-008   4.0000000000000000     
   1.0000000000000000        6.3599144420825047E-009  -6.8375066247033602E-008   1.2248575594163771E-004  -7.0673852434027620E-012   1.4000185967561801E-003  -8.0780582975857272E-011   1.6304105825381676       -1.6303869937252435       -7.8653691264377850       -6.4778454491914719E-006   9.6572373773886639E-008   3.0418392222514774E-009   6.1361246646824939E-008   3.7734786721147249E-007   1.3746952115701836       -1.3746499133756025       -1.7060517615865318        8.0827804779178442E-007   3.4661095893326608E-007   5.2937807412419954E-008   5.0000000000000000     
   1.0000000000000000        6.3409988894984309E-009  -6.8174336161208939E-008   1.4690079433807889E-004  -8.4761244127339089E-012   1.3976676959472805E-003  -8.0644936822083795E-011   1.6304105815296519       -1.6303869947337444       -7.8653691264377850       -6.4778454491914719E-006   9.6288463737618598E-008   3.0324376052595770E-009   6.1178497058332297E-008   3.7624320555453200E-007   1.3746952103740457       -1.3746499145717006       -1.7060517615865318        8.0827804779178442E-007   3.4559407782875327E-007   5.2784936931654403E-008   6.0000000000000000     
   1.0000000000000000        6.3187000535845373E-009  -6.7937689152975387E-008   1.7127108532950479E-004  -9.8822816724588773E-012   1.3948910520186842E-003  -8.0484725439329256E-011   1.6304105803406794       -1.6303869959226993       -7.8653691264377850       -6.4778454491914719E-006   9.5953754968221228E-008   3.0213557536889189E-009   6.0963056850901300E-008   3.7494087233109240E-007   1.3746952089638791       -1.3746499159818206       -1.7060517615865318        8.0827804779178442E-007   3.4439524173457538E-007   5.2604702893166429E-008   7.0000000000000000     
   1.0000000000000000        6.2930457649528581E-009  -6.7665413712669256E-008   1.9558920548919903E-004  -1.1285428693454602E-011   1.3916895107630302E-003  -8.0299997629532838E-011   1.6304105789726984       -1.6303869972906604       -7.8653691264377850       -6.4778454491914719E-006   9.5568656340602705E-008   3.0086081770894663E-009   6.0715193123567466E-008   3.7344244881739767E-007   1.3746952073414016       -1.3746499176042442       -1.7060517615865318        8.0827804779178442E-007   3.4301591064009009E-007   5.2397319973729285E-008   8.0000000000000000     
   1.0000000000000000        6.2640680411421613E-009  -6.7357841763650235E-008   2.1984774728218609E-004  -1.2685138063545898E-011   1.3880640474007984E-003  -8.0090809662574953E-011   1.6304105774273758       -1.6303869988359603       -7.8653691264377850       -6.4778454491914719E-006   9.5133638281504154E-008   2.9942115668863312E-009   6.0435213154224374E-008   3.7174975439999578E-007   1.3746952055085901       -1.3746499194369948       -1.7060517615865318        8.0827804779178442E-007   3.4145776435009791E-007   5.2163035216411766E-008   9.0000000000000000     
   1.0000000000000000        6.2318030462557877E-009  -6.7015348257371834E-008   2.4403932132163801E-004  -1.4080983417699344E-011   1.3840157662832503E-003  -7.9857225259136729E-011   1.6304105757065941       -1.6303870005567165       -7.8653691264377850       -6.4778454491914719E-006   9.4649232193309671E-008   2.9781847749073752E-009   6.0123464010631445E-008   3.6986484437505354E-007   1.3746952034676780       -1.3746499214778394       -1.7060517615865318        8.0827804779178442E-007   3.3972270043978350E-007   5.1902127748582792E-008   10.000000000000000     
   1.0000000000000000        6.1962910453683153E-009  -6.6638350715963721E-008   2.6815655861975340E-004  -1.5472539567898211E-011   1.3795459005560304E-003  -7.9599315571290274E-011   1.6304105738124501       -1.6303870024508329       -7.8653691264377850       -6.4778454491914719E-006   9.4116029803190449E-008   2.9605487891205257E-009   5.9780332111166295E-008   3.6779000746224003E-007   1.3746952012211513       -1.3746499237242915       -1.7060517615865318        8.0827804779178442E-007   3.3781283194452769E-007   5.1614908463150018E-008   10.999999999999998     
   1.0000000000000000        6.1575763537566120E-009  -6.6227308722884023E-008   2.9219211283242232E-004  -1.6859382632658841E-011   1.3746558117835399E-003  -7.9317159160824912E-011   1.6304105717472515       -1.6303870045160012       -7.8653691264377850       -6.4778454491914719E-006   9.3534682438378244E-008   2.9413267066050628E-009   5.9406242735920165E-008   3.6552776303614068E-007   1.3746951987717473       -1.3746499261736143       -1.7060517615865318        8.0827804779178442E-007   3.3573048478740904E-007   5.1301719663342641E-008   12.000000000000000     
   1.0000000000000000        6.1157072810177213E-009  -6.5782723362264731E-008   3.1613866249699394E-004  -1.8241090166149057E-011   1.3693469895341903E-003  -7.9010841975316583E-011   1.6304105695135143       -1.6303870067497055       -7.8653691264377850       -6.4778454491914719E-006   9.2905900228464631E-008   2.9205437037966733E-009   5.9001659488804868E-008   3.6308085807853296E-007   1.3746951961224501       -1.3746499288228238       -1.7060517615865318        8.0827804779178442E-007   3.3347819494751774E-007   5.0962934671379692E-008   13.000000000000002     
   1.0000000000000000        6.0707360701417557E-009  -6.5305136607634919E-008   3.3998891326246494E-004  -1.9617241286869254E-011   1.3636210509266665E-003  -7.8680457321947372E-011   1.6304105671139599       -1.6303870091492245       -7.8653691264377850       -6.4778454491914719E-006   9.2230451235708551E-008   2.8982270040268456E-009   5.8567083711401910E-008   3.6045226385515438E-007   1.3746951932764875       -1.3746499316686920       -1.7060517615865318        8.0827804779178442E-007   3.3105870537253283E-007   5.0598957401413557E-008   14.000000000000000     
   1.0000000000000000        6.0227188316142682E-009  -6.4795130660769847E-008   3.6373560011140963E-004  -2.0987416805856983E-011   1.3574797401373366E-003  -7.8326105839083195E-011   1.6304105645515119       -1.6303870117116350       -7.8653691264377850       -6.4778454491914719E-006   9.1509160514423504E-008   2.8744058424048737E-009   5.8103053849353839E-008   3.5764517232095543E-007   1.3746951902373268       -1.3746499347077519       -1.7060517615865318        8.0827804779178442E-007   3.2847496263931636E-007   5.0210221897157272E-008   14.999999999999998     
   1.0000000000000000        5.9717154726287473E-009  -6.4253327241473563E-008   3.8737148957297451E-004  -2.2351199354375981E-011   1.3509249278689593E-003  -7.7947895465618396E-011   1.6304105618292923       -1.6303870144338148       -7.8653691264377850       -6.4778454491914719E-006   9.0742909100603289E-008   2.8491114280721955E-009   5.7610144772164913E-008   3.5466299225813020E-007   1.3746951870086710       -1.3746499379363006       -1.7060517615865318        8.0827804779178442E-007   3.2573011336659208E-007   4.9797191834654074E-008   16.000000000000000     
   1.0000000000000000        5.9177896214953623E-009  -6.3680386829162877E-008   4.1088938192626368E-004  -2.3708173511050713E-011   1.3439586107808496E-003  -7.7545941408096543E-011   1.6304105589506177       -1.6303870173124471       -7.8653691264377850       -6.4778454491914719E-006   8.9932632933032114E-008   2.8223769038766872E-009   5.7088967047333024E-008   3.5150934515155628E-007   1.3746951835944534       -1.3746499413504050       -1.7060517615865318        8.0827804779178442E-007   3.2282750038407049E-007   4.9360359990671370E-008   17.000000000000000     
   1.0000000000000000        5.8610085473381565E-009  -6.3077007857180576E-008   4.3428211339344310E-004  -2.5057925928407731E-011   1.3365829108806767E-003  -7.7120366105617399E-011   1.6304105559189948       -1.6303870203440254       -7.8653691264377850       -6.4778454491914719E-006   8.9079321707206839E-008   2.7942373035098059E-009   5.6540166169808059E-008   3.4818806080657844E-007   1.3746951799988341       -1.3746499449459053       -1.7060517615865318        8.0827804779178442E-007   3.1977065866268736E-007   4.8900247677240611E-008   18.000000000000000     
   1.0000000000000000        5.8014430751781064E-009  -6.2443925860821498E-008   4.5754255832189768E-004  -2.6400045458785384E-011   1.3288000748780801E-003  -7.6671299192540723E-011   1.6304105527381183       -1.6303870235248554       -7.8653691264377850       -6.4778454491914719E-006   8.8184017663483408E-008   2.7647295061523854E-009   5.5964421747821192E-008   3.4470317271438635E-007   1.3746951762261936       -1.3746499487184207       -1.7060517615865318        8.0827804779178442E-007   3.1656331101090244E-007   4.8417404142898434E-008   19.000000000000000     
   1.0000000000000000        5.7391674965058325E-009  -6.1781912580114246E-008   4.8066363135477314E-004  -2.7734123279573308E-011   1.3206124735003000E-003  -7.6198877458998448E-011   1.6304105494118626       -1.6303870268510623       -7.8653691264377850       -6.4778454491914719E-006   8.7247814310943983E-008   2.7338921886824067E-009   5.5362446646202825E-008   3.4105891317053747E-007   1.3746951722811280       -1.3746499526633555       -1.7060517615865318        8.0827804779178442E-007   3.1320936354230454E-007   4.7912405941213329E-008   20.000000000000000     
   1.0000000000000000        5.6742594754513962E-009  -6.1091775018453082E-008   5.0363828958924477E-004  -2.9059753017743787E-011   1.3120226007700317E-003  -7.5703244809227038E-011   1.6304105459442806       -1.6303870303185934       -7.8653691264377850       -6.4778454491914719E-006   8.6271855088548305E-008   2.7017657754929225E-009   5.4734986088349992E-008   3.3725970815247010E-007   1.3746951681684443       -1.3746499567759030       -1.7060517615865318        8.0827804779178442E-007   3.0971290092003075E-007   4.7385856267221635E-008   21.000000000000000     
   1.0000000000000000        5.6067999506656745E-009  -6.0374354458233689E-008   5.2645953472185388E-004  -3.0376530873636914E-011   1.3030330732457206E-003  -7.5184552217732946E-011   1.6304105423395969       -1.6303870339232243       -7.8653691264377850       -6.4778454491914719E-006   8.5257331965227266E-008   2.6683923859786460E-009   5.4082816718071191E-008   3.3331017196215107E-007   1.3746951638931526       -1.3746499610510532       -1.7060517615865318        8.0827804779178442E-007   3.0607818138379853E-007   4.6838384262422277E-008   21.999999999999996     
   1.0000000000000000        5.5368730330312858E-009  -5.9630525434691496E-008   5.4912041518025861E-004  -3.1684055743961870E-011   1.2936466292245339E-003  -7.4642957683304237E-011   1.6304105386022034       -1.6303870376605631       -7.8653691264377850       -6.4778454491914719E-006   8.4205483980636338E-008   2.6338157797461562E-009   5.3406745622588875E-008   3.2921510164026611E-007   1.3746951594604622       -1.3746499654835969       -1.7060517615865318        8.0827804779178442E-007   3.0230963156559386E-007   4.6270644289014938E-008   23.000000000000000     
   1.0000000000000000        5.4645658993264759E-009  -5.8861194669201102E-008   5.7161402824075058E-004  -3.2981929343976874E-011   1.2838661279082491E-003  -7.4078626180882608E-011   1.6304105347366535       -1.6303870415260564       -7.8653691264377850       -6.4778454491914719E-006   8.3117595728366388E-008   2.5980812996078244E-009   5.2707609318028382E-008   3.2497947115865999E-007   1.3746951548757731       -1.3746499700681341       -1.7060517615865318        8.0827804779178442E-007   2.9841184110033422E-007   4.5683315174096906E-008   24.000000000000000     
   1.0000000000000000        5.3899686819700804E-009  -5.8067299963337280E-008   5.9393352213089109E-004  -3.4269756328810584E-011   1.2736945485323130E-003  -7.3491729611310531E-011   1.6304105307476568       -1.6303870455149947       -7.8653691264377850       -6.4778454491914719E-006   8.1994995783483171E-008   2.5612358124195148E-009   5.1986272698780887E-008   3.2060842539797765E-007   1.3746951501446716       -1.3746499747990790       -1.7060517615865318        8.0827804779178442E-007   2.9438955703806435E-007   4.5077099424565076E-008   25.000000000000000     
   1.0000000000000000        5.3131743549795151E-009  -5.7249809055050506E-008   6.1607209811662719E-004  -3.5547144413887944E-011   1.2631349894583377E-003  -7.2882446748968477E-011   1.6304105266400732       -1.6303870496225181       -7.8653691264377850       -6.4778454491914719E-006   8.0839055076325518E-008   2.5233276478280573E-009   5.1243627952170696E-008   3.1610727391773150E-007   1.3746951452729215       -1.3746499796706679       -1.7060517615865318        8.0827804779178442E-007   2.9024767806448551E-007   4.4452722413495397E-008   26.000000000000004     
   1.0000000000000000        5.2342786162783853E-009  -5.6409718438354654E-008   6.3802301257325248E-004  -3.6813704494423920E-011   1.2521906672303103E-003  -7.2250963187318568E-011   1.6304105224189074       -1.6303870538436223       -7.8653691264377850       -6.4778454491914719E-006   7.9651185214566335E-008   2.4844065349905297E-009   5.0480593439908295E-008   3.1148148452626678E-007   1.3746951402664584       -1.3746499846769653       -1.7060517615865318        8.0827804779178442E-007   2.8599124853686352E-007   4.3810931538807493E-008   27.000000000000000     
   1.0000000000000000        5.1533797664942016E-009  -5.5548052147968290E-008   6.5977957903958038E-004  -3.8069050763948534E-011   1.2408649155948009E-003  -7.1597471282370999E-011   1.6304105180893016       -1.6303870581731645       -7.8653691264377850       -6.4778454491914719E-006   7.8432836755600981E-008   2.4445235373338656E-009   4.9698112547857279E-008   3.0673667665832879E-007   1.3746951351313819       -1.3746499898118723       -1.7060517615865318        8.0827804779178442E-007   2.8162545234256387E-007   4.3152495355044313E-008   28.000000000000000     
   1.0000000000000000        5.0705785843903922E-009  -5.4665860510396838E-008   6.8133517025470447E-004  -3.9312800831827272E-011   1.2291611844854730E-003  -7.0922170094090539E-011   1.6304105136565314       -1.6303870626058701       -7.8653691264377850       -6.4778454491914719E-006   7.7185497431391844E-008   2.4037309854236133E-009   4.8897152505685710E-008   3.0187861456818817E-007   1.3746951298739480       -1.3746499950691320       -1.7060517615865318        8.0827804779178442E-007   2.7715560658770753E-007   4.2478202679128746E-008   29.000000000000000     
   1.0000000000000000        4.9859781990797562E-009  -5.3764218862978588E-008   7.0268322017672685E-004  -4.0544575839740970E-011   1.2170830389721993E-003  -7.0225265325760953E-011   1.6304105091259973       -1.6303870671363381       -7.8653691264377850       -6.4778454491914719E-006   7.5910690327942515E-008   2.3620824080094692E-009   4.8078703178009405E-008   2.9691320034647760E-007   1.3746951245005627       -1.3746500004423399       -1.7060517615865318        8.0827804779178442E-007   2.7258715512362137E-007   4.1788861670981454E-008   29.999999999999996     
   1.0000000000000000        4.8996839591709500E-009  -5.2844226242462532E-008   7.2381722598283832E-004  -4.1764000577089768E-011   1.2046341581751063E-003  -6.9506969261325693E-011   1.6304105045032189       -1.6303870717590490       -7.8653691264377850       -6.4778454491914719E-006   7.4609972021655372E-008   2.3196324613207274E-009   4.7243775828686227E-008   2.9184646676912725E-007   1.3746951190177723       -1.3746500059249489       -1.7060517615865318        8.0827804779178442E-007   2.6792566191897286E-007   4.1085298889914708E-008   31.000000000000000     
   1.0000000000000000        4.8118032990012908E-009  -5.1907004044719433E-008   7.4473075005014057E-004  -4.2970703595285827E-011   1.1918183341438800E-003  -6.8767500700724320E-011   1.6304104997938287       -1.6303870764683703       -7.8653691264377850       -6.4778454491914719E-006   7.3284930674852426E-008   2.2764368566829252E-009   4.6393401859948356E-008   2.8668456998698680E-007   1.3746951134322565       -1.3746500115102802       -1.7060517615865318        8.0827804779178442E-007   2.6317680428566541E-007   4.0368358327736671E-008   32.000000000000000     
   1.0000000000000000        4.7224456021126240E-009  -5.0953694657223024E-008   7.6541742191660875E-004  -4.4164317320900211E-011   1.1786394707026700E-003  -6.8007084893243757E-011   1.6304104950035638       -1.6303870812585652       -7.8653691264377850       -6.4778454491914719E-006   7.1937184092808192E-008   2.2325522865279340E-009   4.5528631528098039E-008   2.8143378206489697E-007   1.3746951077508207       -1.3746500171915284       -1.7060517615865318        8.0827804779178442E-007   2.5834636596673488E-007   3.9638900419526634E-008   33.000000000000000     
   1.0000000000000000        4.6317220621289018E-009  -4.9985460065973896E-008   7.8587094022159615E-004  -4.5344478167629303E-011   1.1651015822609471E-003  -6.7225953468905289E-011   1.6304104901382608       -1.6303870861237975       -7.8653691264377850       -6.4778454491914719E-006   7.0568377744677385E-008   2.1880363488707515E-009   4.4650532637527769E-008   2.7610048337918298E-007   1.3746951019803868       -1.3746500229617717       -1.7060517615865318        8.0827804779178442E-007   2.5344023009468225E-007   3.8897801033065448E-008   34.000000000000000     
   1.0000000000000000        4.5397455411968904E-009  -4.9003480438566250E-008   8.0608507462528903E-004  -4.6510826647046700E-011   1.1512087925906753E-003  -6.6424344367907773E-011   1.6304104852038475       -1.6303870910581388       -7.8653691264377850       -6.4778454491914719E-006   6.9180182750758574E-008   2.1429474703288978E-009   4.3760189214858966E-008   2.7069115488269214E-007   1.3746950961279851       -1.3746500288139800       -1.7060517615865318        8.0827804779178442E-007   2.4846437202880782E-007   3.8145950437920858E-008   35.000000000000000     
   1.0000000000000000        4.4466304261521452E-009  -4.8008952685130773E-008   8.2605366770652981E-004  -4.7663007478106921E-011   1.1369653335701702E-003  -6.5602501768148701E-011   1.6304104802063348       -1.6303870960555784       -7.8653691264377850       -6.4778454491914719E-006   6.7774293838556595E-008   2.0973448277543762E-009   4.2858700165019955E-008   2.6521237024666933E-007   1.3746950902007460       -1.3746500347410235       -1.7060517615865318        8.0827804779178442E-007   2.4342485208028873E-007   3.7384252255213985E-008   36.000000000000000     
   1.0000000000000000        4.3524924825746708E-009  -4.7003088998910583E-008   8.4577063683842556E-004  -4.8800669695367386E-011   1.1223755438950290E-003  -6.4760676010845353E-011   1.6304104751518125       -1.6303871011100273       -7.8653691264377850       -6.4778454491914719E-006   6.6352427270165895E-008   2.0512882685565142E-009   4.1947177911116507E-008   2.5967078788891814E-007   1.3746950842058907       -1.3746500407356810       -1.7060517615865318        8.0827804779178442E-007   2.3832780813385543E-007   3.6613622389104812E-008   37.000000000000000     
   1.0000000000000000        4.2574487068989647E-009  -4.5987115378254051E-008   8.6522997604117607E-004  -4.9923466755895930E-011   1.1074438677565216E-003  -6.3899123524278354E-011   1.6304104700464384       -1.6303871062153270       -7.8653691264377850       -6.4778454491914719E-006   6.4916318743512100E-008   2.0048382297833007E-009   4.1026747019973529E-008   2.5407314289781592E-007   1.3746950781507230       -1.3746500467906488       -1.7060517615865318        8.0827804779178442E-007   2.3317944817506483E-007   3.5834987941054229E-008   38.000000000000000     
   1.0000000000000000        4.1616171767440171E-009  -4.4962270131830106E-008   8.8442575781155362E-004  -5.1031056644831160E-011   1.0921748534878457E-003  -6.3018106745681141E-011   1.6304104648964324       -1.6303871113652579       -7.8653691264377850       -6.4778454491914719E-006   6.3467721270036383E-008   1.9580556560384776E-009   4.0098542815252642E-008   2.4842623886190168E-007   1.3746950720426205       -1.3746500528985499       -1.7060517615865318        8.0827804779178442E-007   2.2798604273228360E-007   3.5049286107932197E-008   39.000000000000000     
   1.0000000000000000        4.0651168996285458E-009  -4.3929802368893317E-008   9.0335213492847698E-004  -5.2123101979563421E-011   1.0765731521786622E-003  -6.2117894041299099E-011   1.6304104597080691       -1.6303871165535457       -7.8653691264377850       -6.4778454491914719E-006   6.2008403031424738E-008   1.9110019162998863E-009   3.9163709980076858E-008   2.4273693961485240E-007   1.3746950658890249       -1.3746500590519426       -1.7060517615865318        8.0827804779178442E-007   2.2275391724259055E-007   3.4257463065054512E-008   40.000000000000000     
   1.0000000000000000        3.9680676602363241E-009  -4.2890970476443698E-008   9.2200334223413243E-004  -5.3199270112504880E-011   1.0606435162583267E-003  -6.1198759624642512E-011   1.6304104544876699       -1.6303871217738692       -7.8653691264377850       -6.4778454491914719E-006   6.0540145218017223E-008   1.8637387197106221E-009   3.8223401151115293E-008   2.3701216090577889E-007   1.3746950596974332       -1.3746500652433302       -1.7060517615865318        8.0827804779178442E-007   2.1748944435091944E-007   3.3460472835237962E-008   41.000000000000000     
   1.0000000000000000        3.8705898663949955E-009  -4.1847040585141044E-008   9.4037369839009683E-004  -5.4259233232417187E-011   1.0443907980482543E-003  -6.0260983472958544E-011   1.6304104492415945       -1.6303871270198682       -7.8653691264377850       -6.4778454491914719E-006   5.9064739851547308E-008   1.8163280304056630E-009   3.7278775506107867E-008   2.3125886200485008E-007   1.3746950534753892       -1.3746500714651690       -1.7060517615865318        8.0827804779178442E-007   2.1219903615182905E-007   3.2659276144969778E-008   42.000000000000000     
   1.0000000000000000        3.7728043939298573E-009  -4.0799285025850746E-008   9.5845760760792666E-004  -5.5302668464265886E-011   1.0278199482838556E-003  -5.9304851241947505E-011   1.6304104439762352       -1.6303871322851511       -7.8653691264377850       -6.4778454491914719E-006   5.7583987594887426E-008   1.7688319814380813E-009   3.6330997346830324E-008   2.2548403725435011E-007   1.3746950472304731       -1.3746500777098796       -1.7060517615865318        8.0827804779178442E-007   2.0688913638337178E-007   3.1854839268789086E-008   43.000000000000000     
   1.0000000000000000        3.6748324305512014E-009  -3.9748980778707234E-008   9.7624956135369183E-004  -5.6329257967571391E-011   1.0109360146064944E-003  -5.8330654178749152E-011   1.6304104386980065       -1.6303871375633030       -7.8653691264377850       -6.4778454491914719E-006   5.6099695551487043E-008   1.7213127878578209E-009   3.5381234679532433E-008   2.1969470757532323E-007   1.3746950409702938       -1.3746500839698526       -1.7060517615865318        8.0827804779178442E-007   2.0156621258259608E-007   3.1048132862976076E-008   43.999999999999993     
   1.0000000000000000        3.5767953189294787E-009  -3.8697407916590651E-008   9.9374414002592680E-004  -5.7338689033226202E-011   9.9374414002592702E-004  -5.7338689033226215E-011   1.6304104334133394       -1.6303871428478935       -7.8653691264377850       -6.4778454491914719E-006   5.4613675057202922E-008   1.6738326589973877E-009   3.4430657794899623E-008   2.1389791194002538E-007   1.3746950347024782       -1.3746500902374617       -1.7060517615865318        8.0827804779178442E-007   1.9623674821225724E-007   3.0240130789634865E-008   45.000000000000000     
   1.0000000000000000        3.4788143991076393E-009  -3.7645848044922011E-008   1.0109360146064942E-003  -5.8330654178749139E-011   9.7624956135369204E-004  -5.6329257967571404E-011   1.6304104281286722       -1.6303871481324839       -7.8653691264377850       -6.4778454491914719E-006   5.3127739467233952E-008   1.6264537100043765E-009   3.3480437849628253E-008   2.0810069882043406E-007   1.3746950284346624       -1.3746500965050712       -1.7060517615865318        8.0827804779178442E-007   1.9090723476836493E-007   2.9431808932242784E-008   46.000000000000000     
   1.0000000000000000        3.3810108503929285E-009  -3.6595582739684337E-008   1.0278199482838556E-003  -5.9304851241947505E-011   9.5845760760792677E-004  -5.5302668464265880E-011   1.6304104228504435       -1.6303871534106362       -7.8653691264377850       -6.4778454491914719E-006   5.1643701940872389E-008   1.5792378726545269E-009   3.2531745451737439E-008   2.0231011762309974E-007   1.3746950221744831       -1.3746501027650444       -1.7060517615865318        8.0827804779178442E-007   1.8558416387821664E-007   2.8624144003716964E-008   47.000000000000000     
   1.0000000000000000        3.2835055328613411E-009  -3.5547891985581488E-008   1.0443907980482541E-003  -6.0260983472958557E-011   9.4037369839009705E-004  -5.4259233232417181E-011   1.6304104175850842       -1.6303871586759189       -7.8653691264377850       -6.4778454491914719E-006   5.0163373226789512E-008   1.5322468054669121E-009   3.1585749251773997E-008   1.9653321012062956E-007   1.3746950159295672       -1.3746501090097552       -1.7060517615865318        8.0827804779178442E-007   1.8027401939858870E-007   2.7818112348014624E-008   48.000000000000000     
   1.0000000000000000        3.1864188285978426E-009  -3.4504052616249099E-008   1.0606435162583265E-003  -6.1198759624642499E-011   9.2200334223413276E-004  -5.3199270112504906E-011   1.6304104123390093       -1.6303871639219178       -7.8653691264377850       -6.4778454491914719E-006   4.8688559451576692E-008   1.4855418031258487E-009   3.0643614542137332E-008   1.9077700189010269E-007   1.3746950097075232       -1.3746501152315944       -1.7060517615865318        8.0827804779178442E-007   1.7498326952377002E-007   2.7014688736243053E-008   49.000000000000000     
   1.0000000000000000        3.0898704827798921E-009  -3.3465336758425436E-008   1.0765731521786620E-003  -6.2117894041299099E-011   9.0335213492847720E-004  -5.2123101979563415E-011   1.6304104071186099       -1.6303871691422416       -7.8653691264377850       -6.4778454491914719E-006   4.7221059914247816E-008   1.4391837051961029E-009   2.9706501866789953E-008   1.8504849376868027E-007   1.3746950035159320       -1.3746501214229820       -1.7060517615865318        8.0827804779178442E-007   1.6971835891310989E-007   2.6214845158192340E-008   50.000000000000000     
   1.0000000000000000        2.9939794446955226E-009  -3.2433010281993759E-008   1.0921748534878455E-003  -6.3018106745681141E-011   8.8442575781155384E-004  -5.1031056644831173E-011   1.6304104019302468       -1.6303871743305296       -7.8653691264377850       -6.4778454491914719E-006   4.5762664889413873E-008   1.3932328040937082E-009   2.8775565643719635E-008   1.7935465333666721E-007   1.3746949973623366       -1.3746501275763749       -1.7060517615865318        8.0827804779178442E-007   1.6448570084775952E-007   2.5419549610130343E-008   51.000000000000000     
   1.0000000000000000        2.8988637087641295E-009  -3.1408331257795843E-008   1.1074438677565214E-003  -6.3899123524278354E-011   8.6522997604117618E-004  -4.9923466755895943E-011   1.6304103967802410       -1.6303871794804610       -7.8653691264377850       -6.4778454491914719E-006   4.4315153441822427E-008   1.3477487522432167E-009   2.7851952802609680E-008   1.7370240643820836E-007   1.3746949912542343       -1.3746501336842765       -1.7060517615865318        8.0827804779178442E-007   1.5929166942625650E-007   2.4629764879595386E-008   52.000000000000007     
   1.0000000000000000        2.8046401556002605E-009  -3.0392548425114435E-008   1.1223755438950290E-003  -6.4760676010845366E-011   8.4577063683842566E-004  -4.8800669695367373E-011   1.6304103916748671       -1.6303871845857607       -7.8653691264377850       -6.4778454491914719E-006   4.2880291254946681E-008   1.3027904683161994E-009   2.6936801440306249E-008   1.6809862874975834E-007   1.3746949851990673       -1.3746501397392448       -1.7060517615865318        8.0827804779178442E-007   1.5414259180857789E-007   2.3846447327792500E-008   53.000000000000000     
   1.0000000000000000        2.7114243931245954E-009  -2.9386899670709412E-008   1.1369653335701699E-003  -6.5602501768148701E-011   8.2605366770652992E-004  -4.7663007478106934E-011   1.6304103866203450       -1.6303871896402098       -7.8653691264377850       -6.4778454491914719E-006   4.1459828476281954E-008   1.2584160423931897E-009   2.6031239496836929E-008   1.6255013740635355E-007   1.3746949792042125       -1.3746501457339024       -1.7060517615865318        8.0827804779178442E-007   1.4904474051825968E-007   2.3070545670029365E-008   54.000000000000000     
   1.0000000000000000        2.6193305976819770E-009  -2.8392610521286545E-008   1.1512087925906751E-003  -6.6424344367907760E-011   8.0608507462528924E-004  -4.6510826647046713E-011   1.6304103816228330       -1.6303871946376496       -7.8653691264377850       -6.4778454491914719E-006   4.0055497582007131E-008   1.2146826398320393E-009   2.5136383454958929E-008   1.5706368269563856E-007   1.3746949732769740       -1.3746501516609464       -1.7060517615865318        8.0827804779178442E-007   1.4400432581214087E-007   2.2302999754411421E-008   55.000000000000000     
   1.0000000000000000        2.5284713550672225E-009  -2.7410892651261327E-008   1.1651015822609471E-003  -6.7225953468905289E-011   7.8587094022159625E-004  -4.5344478167629310E-011   1.6304103766884199       -1.6303871995719914       -7.8653691264377850       -6.4778454491914719E-006   3.8669011263622224E-008   1.1716464035449661E-009   2.4253337066485727E-008   1.5164593982943629E-007   1.3746949674245728       -1.3746501575131553       -1.7060517615865318        8.0827804779178442E-007   1.3902748812725261E-007   2.1544739338730045E-008   56.000000000000000     
   1.0000000000000000        2.4389575012865844E-009  -2.6442942407672635E-008   1.1786394707026700E-003  -6.8007084893243757E-011   7.6541742191660886E-004  -4.4164317320900218E-011   1.6304103718231173       -1.6303872044372238       -7.8653691264377850       -6.4778454491914719E-006   3.7302060339170446E-008   1.1293623542832289E-009   2.3383190109019661E-008   1.4630350080251771E-007   1.3746949616541395       -1.3746501632833994       -1.7060517615865318        8.0827804779178442E-007   1.3412029061433251E-007   2.0796682865116838E-008   57.000000000000000     
   1.0000000000000000        2.3508979627864164E-009  -2.5489939354084874E-008   1.1918183341438800E-003  -6.8767500700724320E-011   7.4473075005014047E-004  -4.2970703595285827E-011   1.6304103670328527       -1.6303872092274192       -7.8653691264377850       -6.4778454491914719E-006   3.5956311691610161E-008   1.0878842883961502E-009   2.2527017177194749E-008   1.4104286634802346E-007   1.3746949559727042       -1.3746501689646482       -1.7060517615865318        8.0827804779178442E-007   1.2928871176741603E-007   2.0059736231561262E-008   58.000000000000000     
   1.0000000000000000        2.2643995957571458E-009  -2.4553044835305937E-008   1.2046341581751060E-003  -6.9506969261325680E-011   7.2381722598283864E-004  -4.1764000577089800E-011   1.6304103623234627       -1.6303872139367410       -7.8653691264377850       -6.4778454491914719E-006   3.4633406236882008E-008   1.0472646723599677E-009   2.1685876513170365E-008   1.3587043799876170E-007   1.3746949503871893       -1.3746501745499800       -1.7060517615865318        8.0827804779178442E-007   1.2453863815892004E-007   1.9334791558769600E-008   59.000000000000000     
   1.0000000000000000        2.1795670239588084E-009  -2.3633400564735702E-008   1.2170830389721990E-003  -7.0225265325760941E-011   7.0268322017672706E-004  -4.0544575839740989E-011   1.6304103577006850       -1.6303872185594523       -7.8653691264377850       -6.4778454491914719E-006   3.3334956924178928E-008   1.0075545331448510E-009   2.0860808881956740E-008   1.3079251026333192E-007   1.3746949449043993       -1.3746501800325901       -1.7060517615865318        8.0827804779178442E-007   1.1987585728963748E-007   1.8622725950034796E-008   59.999999999999993     
   1.0000000000000000        2.0965024743020204E-009  -2.2732127236151534E-008   1.2291611844854730E-003  -7.0922170094090539E-011   6.8133517025470458E-004  -3.9312800831827272E-011   1.6304103531701513       -1.6303872230899208       -7.8653691264377850       -6.4778454491914719E-006   3.2062546770899007E-008   9.6880334319057293E-010   2.0052836498270918E-008   1.2581526292568333E-007   1.3746949395310146       -1.3746501854057984       -1.7060517615865318        8.0827804779178442E-007   1.1530605056307288E-007   1.7924400240718261E-008   61.000000000000000     
   1.0000000000000000        2.0153056091363397E-009  -2.1850323161727581E-008   1.2408649155948009E-003  -7.1597471282370999E-011   6.5977957903958038E-004  -3.8069050763948540E-011   1.6304103487373813       -1.6303872275226268       -7.8653691264377850       -6.4778454491914719E-006   3.0817726934721415E-008   9.3105889836974845E-010   1.9262962013110260E-008   1.2094475347629674E-007   1.3746949342735817       -1.3746501906630590       -1.7060517615865318        8.0827804779178442E-007   1.1083478639359722E-007   1.7240657732521513E-008   62.000000000000000     
   1.0000000000000000        1.9360733538221524E-009  -2.0989062938087715E-008   1.2521906672303101E-003  -7.2250963187318555E-011   6.3802301257325281E-004  -3.6813704494423927E-011   1.6304103444077762       -1.6303872318521693       -7.8653691264377850       -6.4778454491914719E-006   2.9602014825219159E-008   8.9436718678582975E-010   1.8492167570248952E-008   1.1618690968266644E-007   1.3746949291385060       -1.3746501957979664       -1.7060517615865318        8.0827804779178442E-007   1.0646751345802816E-007   1.6572322905829456E-008   63.000000000000000     
   1.0000000000000000        1.8588997176543594E-009  -2.0149396142196481E-008   1.2631349894583379E-003  -7.2882446748968477E-011   6.1607209811662675E-004  -3.5547144413887944E-011   1.6304103401866108       -1.6303872360732741       -7.8653691264377850       -6.4778454491914719E-006   2.8416892257380484E-008   8.5877224554238604E-010   1.7741413945583668E-008   1.1154752230609161E-007   1.3746949241320434       -1.3746502008042649       -1.7060517615865318        8.0827804779178442E-007   1.0220955410042228E-007   1.5920200100837645E-008   64.000000000000000     
   1.0000000000000000        1.7838756055157893E-009  -1.9332346058914210E-008   1.2736945485323128E-003  -7.3491729611310531E-011   5.9393352213089141E-004  -3.4269756328810578E-011   1.6304103360790276       -1.6303872401807979       -7.8653691264377850       -6.4778454491914719E-006   2.7263803649389507E-008   8.2431600164808496E-010   1.7011639785993666E-008   1.0703223797094577E-007   1.3746949192602942       -1.3746502056758545       -1.7060517615865318        8.0827804779178442E-007   9.8066097900190426E-008   1.5285072154680916E-008   65.000000000000000     
   1.0000000000000000        1.7110886166873445E-009  -1.8538908442080433E-008   1.2838661279082489E-003  -7.4078626180882621E-011   5.7161402824075090E-004  -3.2981929343976855E-011   1.6304103320900314       -1.6303872441697369       -7.8653691264377850       -6.4778454491914719E-006   2.6144154266982438E-008   7.9103809188252128E-010   1.6303760969537160E-008   1.0264655219147190E-007   1.3746949145291936       -1.3746502104068004       -1.7060517615865318        8.0827804779178442E-007   9.4042195414132416E-008   1.4667698976964344E-008   66.000000000000000     
   1.0000000000000000        1.6406228259188692E-009  -1.7770050311057348E-008   1.2936466292245337E-003  -7.4642957683304237E-011   5.4912041518025893E-004  -3.1684055743961877E-011   1.6304103282244820       -1.6303872480352308       -7.8653691264377850       -6.4778454491914719E-006   2.5059308516684938E-008   7.5897565458546203E-010   1.5618670116013060E-008   9.8395802559675868E-008   1.3746949099445054       -1.3746502149913382       -1.7060517615865318        8.0827804779178442E-007   9.0142752103738258E-008   1.4068816039390315E-008   66.999999999999986     
   1.0000000000000000        1.5725585399992960E-009  -1.7026708784771348E-008   1.3030330732457206E-003  -7.5184552217732959E-011   5.2645953472185377E-004  -3.0376530873636901E-011   1.6304103244870889       -1.6303872517725699       -7.8653691264377850       -6.4778454491914719E-006   2.4010588290224729E-008   7.2816308370115561E-010   1.4957236287097081E-008   9.4285162095847977E-008   1.3746949055118158       -1.3746502194238828       -1.7060517615865318        8.0827804779178442E-007   8.6372522460210366E-008   1.3489132745719141E-008   68.000000000000000     
   1.0000000000000000        1.5069720203996342E-009  -1.6309789955459167E-008   1.3120226007700317E-003  -7.5703244809227038E-011   5.0363828958924477E-004  -2.9059753017743794E-011   1.6304103208824059       -1.6303872553772010       -7.8653691264377850       -6.4778454491914719E-006   2.2999271362429778E-008   6.9863173165249702E-010   1.4320304929832270E-008   9.0319632760426600E-008   1.3746949012365250       -1.3746502236990337       -1.7060517615865318        8.0827804779178442E-007   8.2736104341341520E-008   1.2929330634785773E-008   68.999999999999986     
   1.0000000000000000        1.4439351586981730E-009  -1.5620167804584997E-008   1.3206124735003000E-003  -7.6198877458998435E-011   4.8066363135477314E-004  -2.7734123279573330E-011   1.6304103174148243       -1.6303872588447328       -7.8653691264377850       -6.4778454491914719E-006   2.2026589844964057E-008   6.7040954216944440E-010   1.3708698138421459E-008   8.6504039121897359E-008   1.3746948971238420       -1.3746502278115822       -1.7060517615865318        8.0827804779178442E-007   7.9237933536879187E-008   1.2390061349693569E-008   70.000000000000000     
   1.0000000000000000        1.3835150858020897E-009  -1.4958683163795218E-008   1.3288000748780799E-003  -7.6671299192540723E-011   4.5754255832189817E-004  -2.6400045458785381E-011   1.6304103140885693       -1.6303872621709403       -7.8653691264377850       -6.4778454491914719E-006   2.1093728698338540E-008   6.4352058616010260E-010   1.3123215340473802E-008   8.2843022169586673E-008   1.3746948931787772       -1.3746502317565177       -1.7060517615865318        8.0827804779178442E-007   7.5882278582784231E-008   1.1871944277421037E-008   71.000000000000000     
   1.0000000000000000        1.3257736874385407E-009  -1.4326142724392988E-008   1.3365829108806764E-003  -7.7120366105617399E-011   4.3428211339344375E-004  -2.5057925928407748E-011   1.6304103109076928       -1.6303872653517708       -7.8653691264377850       -6.4778454491914719E-006   2.0201824304790970E-008   6.1798446166313739E-010   1.2564634560713303E-008   7.9341033251542471E-008   1.3746948894061375       -1.3746502355290340       -1.7060517615865318        8.0827804779178442E-007   7.2673235850534393E-008   1.1375563719744322E-008   72.000000000000000     
   1.0000000000000000        1.2707669853256286E-009  -1.3723318099776430E-008   1.3439586107808496E-003  -7.7545941408096556E-011   4.1088938192626340E-004  -2.3708173511050704E-011   1.6304103078760706       -1.6303872683833496       -7.8653691264377850       -6.4778454491914719E-006   1.9351963104887843E-008   5.9381550048491027E-010   1.2033714486827349E-008   7.6002328104525566E-008   1.3746948858105188       -1.3746502391245352       -1.7060517615865318        8.0827804779178442E-007   6.9614724946495655E-008   1.0901465390111996E-008   73.000000000000000     
   1.0000000000000000        1.2185443230254580E-009  -1.3150944946796767E-008   1.3509249278689595E-003  -7.7947895465618396E-011   3.8737148957297408E-004  -2.2351199354375971E-011   1.6304103049973966       -1.6303872712619822       -7.8653691264377850       -6.4778454491914719E-006   1.8545180301130413E-008   5.7102169532708237E-010   1.1531197674140613E-008   7.2830960922623808E-008   1.3746948823963021       -1.3746502425386402       -1.7060517615865318        8.0827804779178442E-007   6.6710484470308759E-008   1.0450151927564811E-008   74.000000000000000     
   1.0000000000000000        1.1691472628304022E-009  -1.2609722154421545E-008   1.3574797401373366E-003  -7.8326105839083195E-011   3.6373560011140936E-004  -2.0987416805856983E-011   1.6304103022751772       -1.6303872739841625       -7.8653691264377850       -6.4778454491914719E-006   1.7782458632539823E-008   5.4960321512893222E-010   1.1057815405016476E-008   6.9830778378213526E-008   1.3746948791676470       -1.3746502457671896       -1.7060517615865318        8.0827804779178442E-007   6.3964068203550419E-008   1.0022076953133756E-008   75.000000000000014     
   1.0000000000000000        1.1226080463952090E-009  -1.2100311112067720E-008   1.3636210509266665E-003  -7.8680457321947385E-011   3.3998891326246457E-004  -1.9617241286869205E-011   1.6304102997127297       -1.6303872765465732       -7.8653691264377850       -6.4778454491914719E-006   1.7064727225326034E-008   5.2955030065485737E-010   1.0614295013297237E-008   6.7005413455074485E-008   1.3746948761284870       -1.3746502488062504       -1.7060517615865318        8.0827804779178442E-007   6.1378841836536332E-008   9.6176369219886615E-009   76.000000000000000     
   1.0000000000000000        1.0789473810564108E-009  -1.1623335076662352E-008   1.3693469895341903E-003  -7.9010841975316596E-011   3.1613866249699388E-004  -1.8241090166149038E-011   1.6304102973131755       -1.6303872789460929       -7.8653691264377850       -6.4778454491914719E-006   1.6392860526594747E-008   5.1084020426057627E-010   1.0201370982253183E-008   6.4358278861975392E-008   1.3746948732825253       -1.3746502516521191       -1.7060517615865318        8.0827804779178442E-007   5.8957980402856478E-008   9.2371595640189038E-009   77.000000000000014     
   1.0000000000000000        1.0381711549305295E-009  -1.1179378669078864E-008   1.3746558117835399E-003  -7.9317159160824912E-011   2.9219211283242221E-004  -1.6859382632658835E-011   1.6304102950794388       -1.6303872811797975       -7.8653691264377850       -6.4778454491914719E-006   1.5767677331117030E-008   4.9343261361240751E-010   9.8198019961475529E-009   6.1892559634284726E-008   1.3746948706332285       -1.3746502543013293       -1.7060517615865318        8.0827804779178442E-007   5.6704466698635209E-008   8.8808868994426347E-009   78.000000000000000     
   1.0000000000000000        1.0002653950556605E-009  -1.0768987551390630E-008   1.3795459005560304E-003  -7.9599315571290274E-011   2.6815655861975351E-004  -1.5472539567898224E-011   1.6304102930142406       -1.6303872832449664       -7.8653691264377850       -6.4778454491914719E-006   1.5189939916371332E-008   4.7726259158317874E-010   9.4703977099572685E-009   5.9611204237324724E-008   1.3746948681838249       -1.3746502567506527       -1.7060517615865318        8.0827804779178442E-007   5.4621091157354623E-008   8.5489493502908588E-009   79.000000000000000     
   1.0000000000000000        9.6518823404165620E-010  -1.0392668375211390E-008   1.3840157662832501E-003  -7.9857225259136742E-011   2.4403932132163858E-004  -1.4080983417699326E-011   1.6304102911200968       -1.6303872851390828       -7.8653691264377850       -6.4778454491914719E-006   1.4660353309967960E-008   4.6222929021710850E-010   9.1540620114347929E-009   5.7516912923195658E-008   1.3746948659372988       -1.3746502589971052       -1.7060517615865318        8.0827804779178442E-007   5.2710454015919884E-008   8.2413246833250216E-009   80.000000000000000     
   1.0000000000000000        9.3285655301407530E-010  -1.0050889167402190E-008   1.3880640474007986E-003  -8.0090809662574953E-011   2.1984774728218552E-004  -1.2685138063545884E-011   1.6304102893993155       -1.6303872868598395       -7.8653691264377850       -6.4778454491914719E-006   1.4179564729044211E-008   4.4817714801643740E-010   8.8718655671111898E-009   5.5612120959818508E-008   1.3746948638963872       -1.3746502610379503       -1.7060517615865318        8.0827804779178442E-007   5.0974971328975578E-008   7.9577699484436062E-009   81.000000000000000     
   1.0000000000000000        9.0312263584551314E-010  -9.7440804766984101E-009   1.3916895107630300E-003  -8.0299997629532851E-011   1.9558920548919974E-004  -1.1285428693454655E-011   1.6304102878539932       -1.6303872884051396       -7.8653691264377850       -6.4778454491914719E-006   1.3748163258126616E-008   4.3486298898282889E-010   8.6251732260839165E-009   5.3898971920174559E-008   1.3746948620635764       -1.3746502628707014       -1.7060517615865318        8.0827804779178442E-007   4.9416887899705974E-008   7.6977027347573584E-009   82.000000000000000     
   1.0000000000000000        8.7573083694750331E-010  -9.4726379523907565E-009   1.3948910520186842E-003  -8.0484725439329256E-011   1.7127108532950458E-004  -9.8822816724589290E-012   1.6304102864860124       -1.6303872897731009       -7.8653691264377850       -6.4778454491914719E-006   1.3366679876686720E-008   4.2189492008874131E-010   8.4158810586376814E-009   5.2379270598685973E-008   1.3746948604410991       -1.3746502644931253       -1.7060517615865318        8.0827804779178442E-007   4.8038303589107653E-008   7.4599809925420246E-009   83.000000000000014     
   1.0000000000000000        8.5023093119967294E-010  -9.2369278579662568E-009   1.3976676959472803E-003  -8.0644936822083795E-011   1.4690079433808055E-004  -8.4761244127338637E-012   1.6304102852970401       -1.6303872909620560       -7.8653691264377850       -6.4778454491914719E-006   1.3035588007045846E-008   4.0861011988049780E-010   8.2468907727474818E-009   5.1054390866229652E-008   1.3746948590309329       -1.3746502659032456       -1.7060517615865318        8.0827804779178442E-007   4.6841227761197353E-008   7.2424629633701528E-009   84.000000000000000     
   1.0000000000000000        8.2578747382249363E-010  -9.0372992174942938E-009   1.4000185967561801E-003  -8.0780582975857285E-011   1.2248575594163785E-004  -7.0673852434026860E-012   1.6304102842885244       -1.6303872919705573       -7.8653691264377850       -6.4778454491914719E-006   1.2755304730757689E-008   3.9380596193089153E-010   8.1231534024878783E-009   4.9925073128969063E-008   1.3746948578347953       -1.3746502670993441       -1.7060517615865318        8.0827804779178442E-007   4.5827699167488952E-008   7.0410391106518943E-009   85.000000000000000     
   1.0000000000000000        8.0070311517938999E-010  -8.8741128388468750E-009   1.4019430383382231E-003  -8.0891622581517248E-011   9.8033407197391055E-005  -5.6564932800630769E-012   1.6304102834616947       -1.6303872927973753       -7.8653691264377850       -6.4778454491914719E-006   1.2526191921433981E-008   3.7506782091927005E-010   8.0542769645739218E-009   4.8990910759048402E-008   1.3746948568541437       -1.3746502680799637       -1.7060517615865318        8.0827804779178442E-007   4.5000078863786324E-008   6.8472112724507410E-009   86.000000000000000     
   1.0000000000000000        7.7098816192859994E-010  -8.7478202499384641E-009   1.4034404344898611E-003  -8.0978021815324131E-011   7.3551196527642536E-005  -4.2438782940748157E-012   1.6304102828175575       -1.6303872934415031       -7.8653691264377850       -6.4778454491914719E-006   1.2348548163580674E-008   3.4675263582829572E-010   8.0623398790291753E-009   4.8248765234046789E-008   1.3746948560901728       -1.3746502688439095       -1.7060517615865318        8.0827804779178442E-007   4.4361887654389820E-008   6.6408259215341588E-009   87.000000000000000     
   1.0000000000000000        7.2463683569348130E-010  -8.6592203964530652E-009   1.4045103290897211E-003  -8.1039754359234367E-011   4.9046581450920937E-005  -2.8299705816460988E-012   1.6304102823568984       -1.6303872939021558       -7.8653691264377850       -6.4778454491914719E-006   1.2222493266982661E-008   2.9192529505703320E-010   8.2130720985915648E-009   4.7686106232264913E-008   1.3746948555438134       -1.3746502693902511       -1.7060517615865318        8.0827804779178442E-007   4.3920855569465846E-008   6.3609794725323493E-009   87.999999999999986     
   1.0000000000000000        6.0155292935550489E-010  -8.6102982975435695E-009   1.4051523962375430E-003  -8.1076801408917047E-011   2.4527026310359735E-005  -1.4152008327638513E-012   1.6304102820802782       -1.6303872941787718       -7.8653691264377850       -6.4778454491914719E-006   1.2145812749744187E-008   1.2598161337003851E-010   8.8328200007669429E-009   4.7229221678486619E-008   1.3746948552157314       -1.3746502697183225       -1.7060517615865318        8.0827804779178442E-007   4.3705386900679287E-008   5.7020230929665183E-009   89.000000000000000     
