   1.0000000000000000E-002   2.4135416957294572E-011  -2.5596947574594320E-011   0.0000000000000000        0.0000000000000000        1.4053664403545948E-005  -8.1089151695874093E-015  0.16303989060526794      -0.16303986701185405       -7.8653691263517933       -6.4778454503603947E-008   3.5662007958229013E-010   9.8205488382679154E-009   2.2421726825998199E-010   9.9609431894808193E-009  0.13746727887887364      -0.13746723357522223       -1.7060517616120185        8.0827804861415498E-009   2.4952435450584481E-011  -2.5614297675842806E-011
   2.0000000000000000E-002   6.6577856810803581E-011  -7.2282481687260439E-011   0.0000000000000000        0.0000000000000000        2.8107328807091886E-005  -3.2435660678347529E-014  0.23057324118486053      -0.23057317445260878       -7.8653691263518200       -1.2955690900720128E-007   9.8381170362986877E-010   1.9329544277930117E-008   6.1854664450137309E-010   1.9726001831454970E-008  0.19440812220755541      -0.19440799406947884       -1.7060517616120110        1.6165560972278160E-008   6.9815544064226966E-011  -7.2378100767535153E-011
   3.0000000000000006E-002   1.1998724306246579E-010  -1.3258396950900516E-010   0.0000000000000000        0.0000000000000000        4.2160993210637821E-005  -7.2980236526273928E-014  0.28239341505379378      -0.28239329245881895       -7.8653691263518644       -1.9433536351078376E-007   1.7731353598463693E-009   2.8637380938830039E-008   1.1148085686105432E-009   2.9364585815699692E-008  0.23810038986470333      -0.23810015446002517       -1.7060517616119983        2.4248341458405108E-008   1.2721982830981055E-010  -1.3284224132841963E-010
   4.0000000000000001E-002   1.8177212472555720E-010  -2.0381526164294267E-010   0.0000000000000000        0.0000000000000000        5.6214657614183717E-005  -1.2974264271335955E-013  0.32607985199079148      -0.32607966324348031       -7.8653691263519239       -2.5911381801434554E-007   2.6863052531679149E-009   3.7783741346642929E-008   1.6889317057235238E-009   3.8901645426381135E-008  0.27493469366876239      -0.27493433123955091       -1.7060517616119806        3.2331121944516853E-008   1.9455216278634096E-010  -2.0433657008599164E-010
   5.0000000000000003E-002   2.5044840520674989E-010  -2.8441540331459287E-010   0.0000000000000000        0.0000000000000000        7.0268322017729592E-005  -2.0272287923958982E-013  0.36456838395048780      -0.36456812016810142       -7.8653691263520003       -3.2389227251787881E-007   3.7013951780489184E-009   4.6791685307515155E-008   2.3271305589499141E-009   4.8351679524175859E-008  0.30738638285927977      -0.30738587634905856       -1.7060517616119575        4.0413902430609159E-008   2.7031046787178081E-010  -2.8531265648087091E-010
   6.0000000000000005E-002   3.2502353043687920E-010  -3.7332612852070015E-010   0.0000000000000000        0.0000000000000000        8.4321986421275440E-005  -2.9192094610493723E-013  0.39936468418169790      -0.39936433743074623       -7.8653691263520962       -3.8867072702137746E-007   4.8037408138228279E-009   5.5676846344732172E-008   3.0201854141809523E-009   5.7724517731382540E-008  0.33672496700936300      -0.33672430118438595       -1.7060517616119293        4.8496682916676451E-008   3.5348653464458630E-010  -3.7472260952896709E-010
   7.0000000000000007E-002   4.0477512427721208E-010  -4.6976717993631627E-010   0.0000000000000000        0.0000000000000000        9.8375650824821260E-005  -3.9733684330941303E-013  0.43136319159169068      -0.43136275463555085       -7.8653691263522063       -4.5344918152483672E-007   5.9826693792521838E-009   6.4450750942657162E-008   3.7613861620975334E-009   6.7027407385628984E-008  0.36370459290910445      -0.36370375387373810       -1.7060517616118962        5.6579463402715031E-008   4.4334398204839847E-010  -4.7179505177407777E-010
   8.0000000000000002E-002   4.8914824831034109E-010  -5.7313162913053369E-010   0.0000000000000000        0.0000000000000000        1.1242931522836700E-004  -5.1897057085294645E-013  0.46114668256655478      -0.46114614870854065       -7.8653691263523351       -5.1822763602824352E-007   7.2299817900681748E-009   7.3122364999818853E-008   4.5455779766919348E-009   7.6265985860322657E-008  0.38881662882968415      -0.38881560372507151       -1.7060517616118582        6.4662243888717075E-008   5.3931511820172530E-010  -5.7593082038520005E-010
   9.0000000000000024E-002   5.7770019103506020E-010  -6.8292941266261095E-010   0.0000000000000000        0.0000000000000000        1.2648297963191273E-004  -6.5682212873554193E-013  0.48911995493688087      -0.48911931791470648       -7.8653691263524825       -5.8300609053159410E-007   8.5391369919923691E-009   8.1698927975707928E-008   5.3686484808211529E-009   8.5444805032286596E-008  0.41240238028092430      -0.41240115708233543       -1.7060517616118149        7.2745024374682511E-008   6.4094547107315624E-010  -6.8664674825138465E-010
  0.10000000000000001        6.7006776586688023E-010  -7.9875376433292503E-010   0.0000000000000000        0.0000000000000000        1.4053664403545834E-004  -8.1089151695711849E-013  0.51557773951764496      -0.51557699342838870       -7.8653691263526460       -6.4778454503488094E-007   9.9047688315689501E-009   9.0186448790455244E-008   6.2272239865628765E-009   9.4567643075572245E-008  0.43471034968569439      -0.43470891705844578       -1.7060517616117665        8.0827804860602168E-008   7.4786090714378956E-010  -8.0354226475150353E-010
  0.20000000000000001        1.7530525340391727E-009  -2.2301008556197446E-009   0.0000000000000000        0.0000000000000000        2.8107328807090980E-004  -3.2435660678088212E-012  0.72913755924890733      -0.72913544898981786       -7.8653691263552261       -1.2955690900627520E-006   2.5920375073999522E-008   1.7102641155706095E-007   1.6296172885054358E-008   1.8325910302244255E-007  0.61477428525261868      -0.61477023317084922       -1.7060517616110018        1.6165560971627087E-007   2.0551261264804735E-009  -2.2550560312872520E-009
  0.30000000000000004        3.0354009063339006E-009  -4.0486440271195972E-009   0.0000000000000000        0.0000000000000000        4.2160993210634771E-004  -7.2980236524962014E-012  0.89300813236259258      -0.89300425556909646       -7.8653691263595249       -1.9433536350765963E-006   4.4891409466799059E-008   2.4614497017118804E-007   2.8223087425252142E-008   2.6835369909942564E-007  0.75294289362371125      -0.75293544947416258       -1.7060517616097273        2.4248341456206706E-007   3.6999064986959630E-009  -4.1132437844064296E-009
  0.40000000000000002        4.4479108996371259E-009  -6.1647418242913015E-009   0.0000000000000000        0.0000000000000000        5.6214657614176485E-004  -1.2974264270920589E-011   1.0311577173074333       -1.0311517485933834       -7.8653691263655459       -2.5911381800693915E-006   6.5795176074083054E-008   3.1686628705123637E-007   4.1365076236142672E-008   3.5068403216079775E-007  0.86942499727234357      -0.86941353625435491       -1.7060517616079431        3.2331121939305884E-007   5.6072535449982009E-009  -6.2905826203452492E-009
  0.50000000000000000        5.9536154874351809E-009  -8.5261474248958488E-009   0.0000000000000000        0.0000000000000000        7.0268322017715478E-004  -2.0272287922944340E-011   1.1528702098675483       -1.1528618683360774       -7.8653691263732863       -3.2389227250341267E-006   8.8085272361457988E-008   3.8396212981788008E-007   5.5378687206833559E-008   4.3073537392482922E-007  0.97204829935810733      -0.97203228209853632       -1.7060517616056490        4.0413902420431205E-007   7.7356931954420102E-009  -8.7361209222527765E-009
  0.60000000000000009        7.5293483891419584E-009  -1.1097518264236580E-008   0.0000000000000000        0.0000000000000000        8.4321986421251056E-004  -2.9192094608390925E-011   1.2629069534132615       -1.2628959881853803       -7.8653691263827463       -3.8867072699637748E-006   1.1141922592650933E-007   4.4795456146523418E-007   7.0048671391147565E-008   5.0883598749666941E-007   1.0648273157060675       -1.0648062604715638       -1.7060517616028452        4.8496682899089013E-007   1.0058328998300252E-008  -1.1415350397616850E-008
  0.70000000000000018        9.1592664602207372E-009  -1.3852936504356095E-008   0.0000000000000000        0.0000000000000000        9.8375650824782525E-004  -3.9733684327044449E-011   1.3640964022029305       -1.3640825844365365       -7.8653691263939258       -4.5344918148513813E-006   1.3556278440979323E-007   5.0922642803812567E-007   8.5227811026194285E-008   5.8522659875189521E-007   1.1501468488218507       -1.1501203161939035       -1.7060517615995316        5.6579463374786049E-007   1.2556132052498100E-008  -1.4302895728134604E-008
  0.80000000000000004        1.0831909443671520E-008  -1.6772392716475685E-008   0.0000000000000000        0.0000000000000000        1.1242931522830915E-003  -5.1897057078643360E-011   1.4582814492998326       -1.4582645672271157       -7.8653691264068266       -5.1822763596898345E-006   1.6034646988417381E-007   5.6807330083647101E-007   1.0080960634562068E-007   6.6009305634580962E-007   1.2295607268592064       -1.2295283102050523       -1.7060517615957080        6.4662243847029615E-007   1.5214863460567634E-008  -1.7379091656768164E-008
  0.90000000000000013        1.2538654708166656E-008  -1.9839875099548918E-008   0.0000000000000000        0.0000000000000000        1.2648297963183037E-003  -6.5682212862905235E-011   1.5467421716590091       -1.5467220272490925       -7.8653691264214443       -5.8300609044722352E-006   1.8564274478522621E-007   6.2473170163211383E-007   1.1671392070313469E-007   7.3358407918056806E-007   1.3041482407377354       -1.3041095598020276       -1.7060517615913746        7.2745024315324938E-007   1.8023439814148332E-008  -2.0628129184520873E-008
   1.0000000000000000        1.4272822227453530E-008  -2.3042226575898020E-008   0.0000000000000000        0.0000000000000000        1.4053664403534539E-003  -8.1089151679481952E-011   1.6304105848386587       -1.6303869914247862       -7.8653691264377850       -6.4778454491914719E-006   2.1135278573305700E-007   6.7939598494281114E-007   1.3287866600938797E-007   8.0582187172421149E-007   1.3746952142986533       -1.3746499106472234       -1.7060517615865318        8.0827804779178442E-007   2.0972976288747243E-008  -2.4036949842377971E-008
   2.0000000000000000        3.2319385371248453E-008  -6.0654647565985363E-008   0.0000000000000000        0.0000000000000000        2.8107328807000617E-003  -3.2435660652116724E-010   2.3057654445740767       -2.3056987123223198       -7.8653691266957821       -1.2955690891368718E-005   4.7931929553570738E-007   1.1433794829156297E-006   3.0138121180198362E-007   1.4762593510786913E-006   1.9441446515686980       -1.9440165134922014       -1.7060517615100641        1.6165560906488553E-006   5.7050233033401788E-008  -6.5066765631922290E-008
   3.0000000000000000        5.0518926487606699E-008  -1.0519526185557867E-007   0.0000000000000000        0.0000000000000000        4.2160993210329780E-003  -7.2980236393476590E-010   2.8239948357691991       -2.8238722407945733       -7.8653691271257760       -1.9433536319517319E-005   7.5031709520014140E-007   1.5048426543879761E-006   4.7184902673602578E-007   2.0822936690418576E-006   2.3811204271185837       -2.3808850224407343       -1.7060517613826178        2.4248341236365383E-006   1.0315861741504877E-007  -1.1534074315562996E-007
   4.0000000000000000        6.8278266183447957E-008  -1.5424126687289871E-007   0.0000000000000000        0.0000000000000000        5.6214657613453565E-003  -1.2974264229365926E-009   3.2608919513024075       -3.2607032039915080       -7.8653691277277682       -2.5911381726623350E-005   1.0155333730532728E-006   1.7995833566863708E-006   6.3875775808296709E-007   2.6464302226086664E-006   2.7495263456255468       -2.7491639164149335       -1.7060517612041926        3.2331121418199651E-006   1.5794721033748514E-007  -1.7217698328653117E-007
   5.0000000000000009        8.5431838589438371E-008  -2.0654352552642555E-007   0.0000000000000000        0.0000000000000000        7.0268322016303524E-003  -2.0272287821491771E-009   3.6458144143637208       -3.6455506319777014       -7.8653691285017597       -3.2389227105672292E-005   1.2724892339422421E-006   2.0460618290379184E-006   8.0055983500994946E-007   3.1802731273400366E-006   3.0741145624691111       -3.0736080522498268       -1.7060517609747889        4.0413901402646268E-006   2.2076402912911541E-007  -2.3406087548969541E-007
   6.0000000000000000        1.0194019231944522E-007  -2.6134353951883787E-007   0.0000000000000000        0.0000000000000000        8.4321986418811178E-003  -2.9192094398017689E-009   3.9938184876041540       -3.9934717366528356       -7.8653691294477488       -3.8867072449649875E-005   1.5205778758985870E-006   2.2554897629169434E-006   9.5688172977893383E-007   3.6908691222906074E-006   3.3675792713085646       -3.3669134463351771       -1.7060517606944070        4.8496681140357555E-006   2.9122733661801162E-007  -2.9998221521439786E-007
   7.0000000000000000        1.1780921507761484E-007  -3.1813602184881540E-007   0.0000000000000000        0.0000000000000000        9.8375650820908076E-003  -3.9733683937302872E-009   4.3138482151839099       -4.3134112590447158       -7.8653691305657336       -4.5344917751541936E-005   1.7598678324981190E-006   2.4353375601442960E-006   1.1077726661817294E-006   4.1829128333252281E-006   3.6374612778413322       -3.6366222424812826       -1.7060517603630458        5.6579460581984688E-006   3.6908826326313738E-007  -3.6920049147720172E-007
   8.0000000000000000        1.3306204627133264E-007  -3.7656311595059877E-007   0.0000000000000000        0.0000000000000000        1.1242931522252579E-002  -5.1897056413764859E-009   4.6117310937292890       -4.6111972357161637       -7.8653691318557168       -5.1822763004334484E-005   1.9906862023922262E-006   2.5908970231334352E-006   1.2534431944280656E-006   4.6597293118181446E-006   3.8886737517240046       -3.8876486471213783       -1.7060517599807066        6.4662239678183078E-006   4.5417282612789301E-007  -4.4113801905923074E-007
   9.0000000000000018        1.4772789387820465E-007  -4.3635997859140449E-007   0.0000000000000000        0.0000000000000000        1.2648297962359584E-002  -6.5682211797892908E-009   4.8915148865498095       -4.8908778643767290       -7.8653691333176985       -5.8300608201012930E-005   2.2134523589270732E-006   2.7260853132647766E-006   1.3941610008098218E-006   5.1237795014192492E-006   4.1246293353006003       -4.1234061367268549       -1.7060517595473887        7.2745018379604551E-006   5.4635321527236946E-007  -5.1532366072853963E-007
   10.000000000000002        1.6183725294526294E-007  -4.9732394993835309E-007   0.0000000000000000        0.0000000000000000        1.4053664402404976E-002  -8.1089150056240070E-009   5.1561467239392229       -5.1554006346852042       -7.8653691349516777       -6.4778453334563067E-005   2.4286066268285575E-006   2.8439004685468377E-006   1.5302062942916410E-006   5.5769466197905652E-006   4.3478127113571521       -4.3463800841302840       -1.7060517590630921        8.0827796636900476E-006   6.4553196068053772E-007  -5.9136015746372530E-007
   20.000000000000004        2.7794142810695771E-007  -1.1470557246008395E-006   0.0000000000000000        0.0000000000000000        2.8107328797964112E-002  -3.2435658054929323E-008   7.2924202532146953       -7.2903099941495730       -7.8653691607513547       -1.2955689965487243E-004   4.2430005736391475E-006   3.4232109448920667E-006   2.6854014412621738E-006   9.7340023970671439E-006   6.1497489950479318       -6.1456969135244153       -1.7060517514163076        1.6165554392668392E-005   2.0104921702804689E-006  -1.3923802364193523E-006
   29.999999999999996        3.6046125774472708E-007  -1.8350304025614843E-006   0.0000000000000000        0.0000000000000000        4.2160993179831581E-002  -7.2980223245223037E-008   8.9320005636673176       -8.9281237702727569       -7.8653692037508085       -1.9433533194667947E-004   5.6166811084180205E-006   3.4269776913188952E-006   3.5766211529728096E-006   1.3531937781859670E-005   7.5331147877748048       -7.5256706392434687       -1.7060517386716774        2.4248319252234209E-005   4.0352050529936959E-006  -2.1332580277019225E-006
   40.000000000000007        4.1913379632367022E-007  -2.5408215684781897E-006   0.0000000000000000        0.0000000000000000        5.6214657541161575E-002  -1.2974260073867740E-007   10.314532153015309       -10.308563439243731       -7.8653692639500283       -2.5911374319573818E-004   6.6912163149618560E-006   3.1580442564350506E-006   4.2935877894169286E-006   1.7160444016488709E-005   8.6999252239710092       -8.6884642087668169       -1.7060517208292176        3.2331069307705421E-005   6.7028244034701881E-006  -2.6719024537642263E-006
   50.000000000000000        4.5919909599332844E-007  -3.2562788650828639E-006   0.0000000000000000        0.0000000000000000        7.0268321875108231E-002  -2.0272277676235140E-007   11.532831971611005       -11.524490440747316       -7.8653693413490053       -3.2389212638781145E-004   7.5426981246797348E-006   2.7373428593637547E-006   4.8845366267129350E-006   2.0695032824869953E-005   9.7284151130208851       -9.7123978595302347       -1.7060516978889506        4.0413799624434308E-005   9.9965062881783469E-006  -2.8925347667039004E-006
   60.000000000000007        4.8390092612044259E-007  -3.9772300403205625E-006   0.0000000000000000        0.0000000000000000        8.4321986174825794E-002  -2.9192073360818596E-007   12.634498607227798       -12.623533380495241       -7.8653694359477191       -3.8867047450867007E-004   8.2181524809763621E-006   2.2267538481794840E-006   5.3792859233815275E-006   2.4174188235119765E-005   10.658701138031779       -10.637645915038371       -1.7060516698509052        4.8496505267812437E-005   1.3895089189950708E-005  -2.6910927140069935E-006
   69.999999999999986        4.9544628194936894E-007  -4.7012270783966691E-006   0.0000000000000000        0.0000000000000000        9.8375650433468423E-002  -3.9733644963304137E-007   13.647805705851447       -13.633987941427840       -7.8653695477461509       -4.5344878054410029E-004   8.7495204870431531E-006   1.6625180192628911E-006   5.7980915067249974E-006   2.7620333728840522E-005   11.514610429227297       -11.488077821021731       -1.7060516367151159        5.6579181303281817E-005   1.8371960596944945E-005  -1.9703842362505377E-006
   80.000000000000014        4.9543998612263973E-007  -5.4267030246339398E-006   0.0000000000000000        0.0000000000000000       0.11242931464419040       -5.1896989925865157E-007   14.591173757052415       -14.574291687479448       -7.8653696767442689       -5.1822703747991415E-004   9.1599888197212686E-006   1.0677515633565006E-006   6.1556565045469630E-006   3.1047680221989625E-005   12.311665086024540       -12.279248463373655       -1.7060515984816256        6.4661822796349577E-005   2.3394711016219568E-005  -6.3802262837570845E-007
   90.000000000000000        4.8510762578266982E-007  -6.1525929543375162E-006   0.0000000000000000        0.0000000000000000       0.12648297880014586       -6.5682105297168330E-007   15.477396740559927       -15.457252335391676       -7.8653698229420543       -5.8300523830191828E-004   9.4672349036476175E-006   4.5807888129524207E-007   6.4631874499569642E-006   3.4465755825011380E-005   13.060645004313294       -13.021964116181284       -1.7060515551504813        7.2744424812598598E-005   2.8925052431317289E-005   1.3945551505530963E-006
