   1.0000000000000000        8.7623221077192981E-010  -1.7356440729170342E-008   0.0000000000000000        0.0000000000000000        1.2973379027964439E-003  -1.9937235175504737E-011   2.5973411085529778       -2.5973222639645424       -8.5472851639691605       -2.5358855902437936E-006   4.5334403690707604E-008   2.2691006385794169E-009   3.7145037432349963E-008   1.6076282039421687E-007   1.2900903783526330       -1.2900479840283690       -1.8868487005326986        6.3084265738687341E-007   1.1079378903531685E-007   2.0537351636699671E-007   0.0000000000000000     
   1.0000000000000000        8.7598273361488450E-010  -1.7351617346821636E-008   2.2641668366096547E-005  -3.4795273151861414E-013   1.2971403119500507E-003  -1.9934198638019343E-011   2.5973411085036342       -2.5973222640138860       -8.5472851639691605       -2.5358855902437936E-006   4.5321776944848314E-008   2.2684035600103467E-009   3.7134477963942258E-008   1.6071834437597119E-007   1.2900903782532869       -1.2900479841277117       -1.8868487005326986        6.3084265738687341E-007   1.1076289833792610E-007   2.0531654389707515E-007   1.0000000000000000     
   1.0000000000000000        8.7523461880682318E-010  -1.7337153078726413E-008   4.5276439860674019E-005  -6.9579947326451391E-013   1.2965475995989574E-003  -1.9925089950521883E-011   2.5973411083556637       -2.5973222641618552       -8.5472851639691605       -2.5358855902437936E-006   4.5283912148542986E-008   2.2663132902707219E-009   3.7102812824698784E-008   1.6058497017448900E-007   1.2900903779553694       -1.2900479844256194       -1.8868487005326986        6.3084265738687341E-007   1.1067026407702283E-007   2.0514569574358638E-007   2.0000000000000000     
   1.0000000000000000        8.7398881592955568E-010  -1.7313065554568066E-008   6.7897419713067202E-005  -1.0434342677504964E-012   1.2955599462890874E-003  -1.9909911887606821E-011   2.5973411081092461       -2.5973222644082710       -8.5472851639691605       -2.5358855902437936E-006   4.5220855606647328E-008   2.2628327258462986E-009   3.7050081795330791E-008   1.6036285928479319E-007   1.2900903774592438       -1.2900479849217288       -1.8868487005326986        6.3084265738687341E-007   1.1051599969963092E-007   2.0486117959149971E-007   3.0000000000000000     
   1.0000000000000000        8.7224690626186105E-010  -1.7279384133263414E-008   9.0497717353678721E-005  -1.3907512220505476E-012   1.2941776528692067E-003  -1.9888669072659147E-011   2.5973411077646817       -2.5973222647528327       -8.5472851639691605       -2.5358855902437936E-006   4.5132684430737671E-008   2.2579666894976335E-009   3.6976351119622978E-008   1.6005228064953291E-007   1.2900903767655143       -1.2900479856154352       -1.8868487005326986        6.3084265738687341E-007   1.1030029412823630E-007   2.0446334130299500E-007   4.0000000000000000     
   1.0000000000000000        8.7001110074485238E-010  -1.7236149867159917E-008   1.1307044851291322E-004  -1.7376445400558522E-012   1.2924011403992817E-003  -1.9861367976446075E-011   2.5973411073223907       -2.5973222651951207       -8.5472851639691605       -2.5358855902437936E-006   4.5019506444417617E-008   2.2517219231933407E-009   3.6881713418412660E-008   1.5965361033566534E-007   1.2900903758750262       -1.2900479865058940       -1.8868487005326986        6.3084265738687341E-007   1.1002341152716571E-007   2.0395266449866235E-007   5.0000000000000000     
   1.0000000000000000        8.6728423713712045E-010  -1.7183415451973329E-008   1.3560873731819265E-004  -2.0840085547013154E-012   1.2902309500222200E-003  -1.9828016915145984E-011   2.5973411067829115       -2.5973222657345958       -8.5472851639691605       -2.5358855902437936E-006   4.4881460050913176E-008   2.2441070782326515E-009   3.6766287569337089E-008   1.5916733108234579E-007   1.2900903747888643       -1.2900479875920203       -1.8868487005326986        6.3084265738687341E-007   1.0968569097593238E-007   2.0332976997188393E-007   6.0000000000000000     
   1.0000000000000000        8.6406977636305440E-010  -1.7121245162526323E-008   1.5810571838841366E-004  -2.4297377601527724E-012   1.2876677427990338E-003  -1.9788626047815229E-011   2.5973411061469021       -2.5973222663706008       -8.5472851639691605       -2.5358855902437936E-006   4.4718714063118248E-008   2.2351327025718298E-009   3.6630218552507648E-008   1.5859403172055648E-007   1.2900903735083520       -1.2900479888724903       -1.8868487005326986        6.3084265738687341E-007   1.0928754604996130E-007   2.0259541493709684E-007   7.0000000000000000     
   1.0000000000000000        8.6037179805897060E-010  -1.7049714774367075E-008   1.8055453892520904E-004  -2.7747268439450888E-012   1.2847122995074736E-003  -1.9743207373293580E-011   2.5973411054151363       -2.5973222671023608       -8.5472851639691605       -2.5358855902437936E-006   4.4531467496302766E-008   2.2248112253769750E-009   3.6473677262334494E-008   1.5793440646516123E-007   1.2900903720350496       -1.2900479903457442       -1.8868487005326986        6.3084265738687341E-007   1.0882946430923275E-007   2.0175049211284080E-007   8.0000000000000000     
   1.0000000000000000        8.5619499532260854E-010  -1.6968911471363379E-008   2.0294836080037674E-004  -3.1188707190613570E-012   1.2813655204041959E-003  -1.9691774726549282E-011   2.5973411045885064       -2.5973222679289849       -8.5472851639691605       -2.5358855902437936E-006   4.4319949323742189E-008   2.2131569388239455E-009   3.6296860285767918E-008   1.5718925408022121E-007   1.2900903703707518       -1.2900479920099872       -1.8868487005326986        6.3084265738687341E-007   1.0831200669548711E-007   2.0079602864068795E-007   9.0000000000000000     
   1.0000000000000000        8.5154466867237549E-010  -1.6878933739384887E-008   2.2528036263883968E-004  -3.4620645559434196E-012   1.2776284249505364E-003  -1.9634343774464774E-011   2.5973411036680196       -2.5973222688494650       -8.5472851639691605       -2.5358855902437936E-006   4.4084418195566058E-008   2.2001859771764507E-009   3.6099989647260993E-008   1.5635947691855176E-007   1.2900903685174865       -1.2900479938631917       -1.8868487005326986        6.3084265738687341E-007   1.0773580683876022E-007   1.9973318484134474E-007   10.000000000000000     
   1.0000000000000000        8.4642671922399861E-010  -1.6779891246203828E-008   2.4754374189650302E-004  -3.8042038144239701E-012   1.2735021515019726E-003  -1.9570932011064405E-011   2.5973411026547968       -2.5973222698626803       -8.5472851639691605       -2.5358855902437936E-006   4.3825162121180420E-008   2.1859162931744624E-009   3.5883312520820546E-008   1.5544607983666110E-007   1.2900903664775116       -1.2900479959030995       -1.8868487005326986        6.3084265738687341E-007   1.0710157027413127E-007   1.9856325280942425E-007   10.999999999999998     
   1.0000000000000000        8.4084764109294597E-010  -1.6671904707760291E-008   2.6973171693237452E-004  -4.1451842755704965E-012   1.2689879569613687E-003  -1.9501558752185596E-011   2.5973411015500734       -2.5973222709673958       -8.5472851639691605       -2.5358855902437936E-006   4.3542498115654805E-008   2.1703676317704653E-009   3.5647100909546924E-008   1.5445016898634465E-007   1.2900903642533121       -1.2900479981272257       -1.8868487005326986        6.3084265738687341E-007   1.0641007356967395E-007   1.9728765484856301E-007   12.000000000000000     
   1.0000000000000000        8.3481451303204425E-010  -1.6555105740955751E-008   2.9183752907431873E-004  -4.4849020734313832E-012   1.2640872163961123E-003  -1.9426245129595021E-011   2.5973411003551941       -2.5973222721622666       -8.5472851639691605       -2.5358855902437936E-006   4.3236771810511668E-008   2.1535615012536619E-009   3.5391651293115210E-008   1.5337295048436545E-007   1.2900903618475985       -1.2900480005328601       -1.8868487005326986        6.3084265738687341E-007   1.0566216336672272E-007   1.9590794174876120E-007   13.000000000000002     
   1.0000000000000000        8.2833498931461331E-010  -1.6429636703154576E-008   3.1385444467781320E-004  -4.8232537266744803E-012   1.2588014226192538E-003  -1.9345014084551711E-011   2.5973410990716155       -2.5973222734458354       -8.5472851639691605       -2.5358855902437936E-006   4.2908357029402473E-008   2.1355211418088080E-009   3.5117284243690546E-008   1.5221572896178784E-007   1.2900903592633013       -1.2900480031170725       -1.8868487005326986        6.3084265738687341E-007   1.0485875533366944E-007   1.9442579090800858E-007   14.000000000000000     
   1.0000000000000000        8.2141728987444243E-010  -1.6295650518589384E-008   3.3577575717708250E-004  -5.1601361701085233E-012   1.2531321857347821E-003  -1.9257890360818891E-011   2.5973410977009008       -2.5973222748165403       -8.5472851639691605       -2.5358855902437936E-006   4.2557655329195943E-008   2.1162714915567787E-009   3.4824344010823392E-008   1.5097990599468118E-007   1.2900903565035693       -1.2900480058767136       -1.8868487005326986        6.3084265738687341E-007   1.0400083303462279E-007   1.9284300430044755E-007   14.999999999999998     
   1.0000000000000000        8.1407018971464945E-010  -1.6153310491882202E-008   3.5759478912798288E-004  -5.4954467860777907E-012   1.2470812326471716E-003  -1.9164900497126788E-011   2.5973410962447212       -2.5973222762727093       -8.5472851639691605       -2.5358855902437936E-006   4.2185095507047194E-008   2.0958391501326990E-009   3.4513198075898787E-008   1.4966697841804087E-007   1.2900903535717647       -1.2900480088084219       -1.8868487005326986        6.3084265738687341E-007   1.0308944671436269E-007   1.9116150629350209E-007   16.000000000000000     
   1.0000000000000000        8.0630300759856943E-010  -1.6002790108909313E-008   3.7930489424201649E-004  -5.8290834357204320E-012   1.2406504065353495E-003  -1.9066072819088705E-011   2.5973410947048499       -2.5973222778125695       -8.5472851639691605       -2.5358855902437936E-006   4.1791133074057380E-008   2.0742523398547922E-009   3.4184236676775393E-008   1.4827853652492488E-007   1.2900903504714596       -1.2900480119086251       -1.8868487005326986        6.3084265738687341E-007   1.0212571200113635E-007   1.8938334131659502E-007   17.000000000000000     
   1.0000000000000000        7.9812559403647700E-010  -1.5844272825252891E-008   4.0089945941085476E-004  -6.1609444900809505E-012   1.2338416662912464E-003  -1.8961437430572732E-011   2.5973410930831626       -2.5973222794342448       -8.5472851639691605       -2.5358855902437936E-006   4.1376249696178830E-008   2.0515408645478206E-009   3.3837872303272670E-008   1.4681626215292876E-007   1.2900903472064311       -1.2900480151735461       -1.8868487005326986        6.3084265738687341E-007   1.0111080852894009E-007   1.8751067138423965E-007   18.000000000000000     
   1.0000000000000000        7.8954831858291190E-010  -1.5677951842497480E-008   4.2237190672075631E-004  -6.4909288610673832E-012   1.2266570859230986E-003  -1.8851026204531834E-011   2.5973410913816362       -2.5973222811357588       -8.5472851639691605       -2.5358855902437936E-006   4.0940952603055894E-008   2.0277360660813861E-009   3.3474539164219441E-008   1.4528192666026010E-007   1.2900903437806572       -1.2900480185992074       -1.8868487005326986        6.3084265738687341E-007   1.0004597848103609E-007   1.8554577347647769E-007   19.000000000000000     
   1.0000000000000000        7.8058205646016192E-010  -1.5504029872644881E-008   4.4371569545626220E-004  -6.8189360322436943E-012   1.2190988539236844E-003  -1.8734872773295047E-011   2.5973410896023430       -2.5973222829150391       -8.5472851639691605       -2.5358855902437936E-006   4.0485773965536483E-008   2.0028707786936745E-009   3.3094692626809702E-008   1.4367738879380818E-007   1.2900903401983115       -1.2900480221814352       -1.8868487005326986        6.3084265738687341E-007   9.8932525056553969E-008   1.8349103677979932E-007   20.000000000000000     
   1.0000000000000000        7.7123817452411416E-010  -1.5322718890934847E-008   4.6492432409256168E-004  -7.1448660894480675E-012   1.2111692726036894E-003  -1.8613012518322727E-011   2.5973410877474508       -2.5973222847699176       -8.5472851639691605       -2.5358855902437936E-006   4.0011270242619452E-008   1.9769792811678777E-009   3.2698808629048653E-008   1.4200459245172705E-007   1.2900903364637588       -1.2900480259158653       -1.8868487005326986        6.3084265738687341E-007   9.7771810862122901E-008   1.8134895979185627E-007   21.000000000000000     
   1.0000000000000000        7.6152851658973418E-010  -1.5134239877373272E-008   4.8599133227591947E-004  -7.4686197512277226E-012   1.2028707573903989E-003  -1.8485482559429026E-011   2.5973410858192199       -2.5973222866981343       -8.5472851639691605       -2.5358855902437936E-006   3.9518021498656482E-008   1.9500972469371265E-009   3.2287383066117105E-008   1.4026556434317778E-007   1.2900903325815491       -1.2900480297979475       -1.8868487005326986        6.3084265738687341E-007   9.6565256230572897E-008   1.7912214729343110E-007   21.999999999999996     
   1.0000000000000000        7.5146538813380209E-010  -1.4938822547283940E-008   5.0691030279156218E-004  -7.7900983990810088E-012   1.1942058360919368E-003  -1.8352321743474829E-011   2.5973410838199995       -2.5973222886973404       -8.5472851639691605       -2.5358855902437936E-006   3.9006630691643629E-008   1.9222616921926621E-009   3.1860931151506650E-008   1.3846241154800008E-007   1.2900903285564118       -1.2900480338229525       -1.8868487005326986        6.3084265738687341E-007   9.5314337468842762E-008   1.7681330719129957E-007   23.000000000000000     
   1.0000000000000000        7.4106154039355130E-010  -1.4736705071212047E-008   5.2767486351842430E-004  -8.1092041074975580E-012   1.1851771481272695E-003  -1.8213570632534636E-011   2.5973410817522251       -2.5973222907650992       -8.5472851639691605       -2.5358855902437936E-006   3.8477722933490348E-008   1.8935109220749813E-009   3.1419986753826178E-008   1.3659731897919963E-007   1.2900903243932518       -1.2900480379859760       -1.8868487005326986        6.3084265738687341E-007   9.4020585037311122E-008   1.7442524723576108E-007   24.000000000000000     
   1.0000000000000000        7.3033015388029200E-010  -1.4528133784522201E-008   5.4827868937015766E-004  -8.4258396737873405E-012   1.1757874437222135E-003  -1.8069271491540955E-011   2.5973410796184160       -2.5973222928988933       -8.5472851639691605       -2.5358855902437936E-006   3.7931944723178473E-008   1.8638844750300694E-009   3.0965101710198668E-008   1.3467254675125557E-007   1.2900903200971403       -1.2900480422819463       -1.8868487005326986        6.3084265738687341E-007   9.2685581662867486E-008   1.7196087161678347E-007   25.000000000000000     
   1.0000000000000000        7.1928482132791552E-010  -1.4313362887045085E-008   5.6871550422181374E-004  -8.7399086476895449E-012   1.1660395830716912E-003  -1.7919468275409986E-011   2.5973410774211718       -2.5973222950961210       -8.5472851639691605       -2.5358855902437936E-006   3.7369963153761283E-008   1.8334230654145213E-009   3.0496845117215164E-008   1.3269042745736769E-007   1.2900903156733119       -1.2900480467056294       -1.8868487005326986        6.3084265738687341E-007   9.1310960388109692E-008   1.6942317744283327E-007   26.000000000000004     
   1.0000000000000000        7.0793953009665721E-010  -1.4092654133139312E-008   5.8897908282161307E-004  -9.0513153607522659E-012   1.1559365354684862E-003  -1.7764206615652542E-011   2.5973410751631700       -2.5973222973541064       -8.5472851639691605       -2.5358855902437936E-006   3.6792465094182807E-008   1.8021685244349789E-009   3.0015802600430189E-008   1.3065336335886130E-007   1.2900903111271564       -1.2900480512516357       -1.8868487005326986        6.3084265738687341E-007   8.9898402559145220E-008   1.6681525110661864E-007   27.000000000000000     
   1.0000000000000000        6.9630864405313980E-010  -1.3866276512547243E-008   6.0906325268721660E-004  -9.3599649554740435E-012   1.1454813783987688E-003  -1.7603533806474233E-011   2.5973410728471609       -2.5973222996700991       -8.5472851639691605       -2.5358855902437936E-006   3.6200156346930762E-008   1.7701637395136578E-009   2.9522575563419184E-008   1.2856382349009020E-007   1.2900903064642126       -1.2900480559144265       -1.8868487005326986        6.3084265738687341E-007   8.8449635754547406E-008   1.6414026454210214E-007   28.000000000000000     
   1.0000000000000000        6.8440688494821363E-010  -1.3634505922434044E-008   6.2896189598592330E-004  -9.6657634141983655E-012   1.1346772966046637E-003  -1.7437498790369214E-011   2.5973410704759670       -2.5973223020412752       -8.5472851639691605       -2.5358855902437936E-006   3.5593760782563295E-008   1.7374525921651426E-009   2.9017780417445651E-008   1.2642434068226234E-007   1.2900903016901615       -1.2900480606883211       -1.8868487005326986        6.3084265738687341E-007   8.6966431658090126E-008   1.6140147137727233E-007   29.000000000000000     
   1.0000000000000000        6.7224931331462910E-010  -1.3397624831010410E-008   6.4866895139822185E-004  -9.9686175877523670E-012   1.1235275811141473E-003  -1.7266152143211806E-011   2.5973410680524762       -2.5973223044647487       -8.5472851639691605       -2.5358855902437936E-006   3.4974019452179978E-008   1.7040798944831172E-009   2.8502047792808281E-008   1.2423750850972316E-007   1.2900902968108194       -1.2900480655675031       -1.8868487005326986        6.3084265738687341E-007   8.5450603877960692E-008   1.5860220298728818E-007   29.999999999999996     
   1.0000000000000000        6.5985130890700117E-010  -1.3155921933149608E-008   6.6817841596412747E-004  -1.0268435223820976E-011   1.1120356282385672E-003  -1.7089546058850600E-011   2.5973410655796423       -2.5973223069375644       -8.5472851639691605       -2.5358855902437936E-006   3.4341689678933800E-008   1.6700913243239066E-009   2.7976021732966923E-008   1.2200597816231559E-007   1.2900902918321315       -1.2900480705460275       -1.8868487005326986        6.3084265738687341E-007   8.3904005715210599E-008   1.5574586445273107E-007   31.000000000000000     
   1.0000000000000000        6.4722855070705786E-010  -1.2909691798419293E-008   6.8748434691174069E-004  -1.0565124995047842E-011   1.1002049385380947E-003  -1.6907734333209719E-011   2.5973410630604774       -2.5973223094567111       -8.5472851639691605       -2.5358855902437936E-006   3.3697544129708930E-008   1.6355333592888361E-009   2.7440358872569265E-008   1.1973245524753687E-007   1.2900902867601629       -1.2900480756178299       -1.8868487005326986        6.3084265738687341E-007   8.2328527884278482E-008   1.5283593042781555E-007   32.000000000000000     
   1.0000000000000000        6.3439699651730728E-010  -1.2659234511957471E-008   7.0658086346747423E-004  -1.0858596526854554E-011   1.0880391157554190E-003  -1.6720772347902047E-011   2.5973410604980507       -2.5973223120191187       -8.5472851639691605       -2.5358855902437936E-006   3.3042369868106400E-008   1.6004532095946795E-009   2.6895727600516019E-008   1.1741969652627914E-007   1.2900902816010935       -1.2900480807767303       -1.8868487005326986        6.3084265738687341E-007   8.0726096188467380E-008   1.4987594092351278E-007   33.000000000000000     
   1.0000000000000000        6.2137286216690210E-010  -1.2404855308631171E-008   7.2546214864739307E-004  -1.1148760424969600E-011   1.0755418657180124E-003  -1.6528717053359440E-011   2.5973410578954845       -2.5973223146216662       -8.5472851639691605       -2.5358855902437936E-006   3.2376967389912538E-008   1.5648987499353904E-009   2.6342807209232819E-008   1.1507050658604393E-007   1.2900902763612090       -1.2900480860164432       -1.8868487005326986        6.3084265738687341E-007   7.9098669153326585E-008   1.4686949701064921E-007   34.000000000000000     
   1.0000000000000000        6.0817260035342437E-010  -1.2146864200924294E-008   7.4412245102912404E-004  -1.1435528302658730E-011   1.0627169952093004E-003  -1.6331626951485103E-011   2.5973410552559497       -2.5973223172611815       -8.5472851639691605       -2.5358855902437936E-006   3.1702149642235931E-008   1.5289184504283402E-009   2.5782287031321135E-008   1.1268773445557521E-007   1.2900902710468927       -1.2900480913305854       -1.8868487005326986        6.3084265738687341E-007   7.7448235620935262E-008   1.4382025644813702E-007   35.000000000000000     
   1.0000000000000000        5.9481287914489878E-010  -1.1885575601008778E-008   7.6255608650379573E-004  -1.1718812807648423E-011   1.0495684108090769E-003  -1.6129562077833317E-011   2.5973410525826615       -2.5973223199344506       -8.5472851639691605       -2.5358855902437936E-006   3.1018741027529413E-008   1.4925613067463365E-009   2.5214865564794473E-008   1.1027427016494573E-007   1.2900902656646196       -1.2900480967126822       -1.8868487005326986        6.3084265738687341E-007   7.5776812308137269E-008   1.4073192924158356E-007   36.000000000000000     
   1.0000000000000000        5.8131056016613824E-010  -1.1621307937460336E-008   7.8075744000747163E-004  -1.1998527648734215E-011   1.0361001177035232E-003  -1.5922583983322052E-011   2.5973410498788772       -2.5973223226382149       -8.5472851639691605       -2.5358855902437936E-006   3.0327576393718744E-008   1.4558767695325226E-009   2.4641249588102273E-008   1.0783304125518150E-007   1.2900902602209474       -1.2900481021561760       -1.8868487005326986        6.3084265738687341E-007   7.4086441331819550E-008   1.3760827313760737E-007   37.000000000000000     
   1.0000000000000000        5.6768267649404708E-010  -1.1354383267086841E-008   7.9872096723155402E-004  -1.2274587622065854E-011   1.0223162184651901E-003  -1.5710755715483932E-011   2.5973410471478915       -2.5973223253691811       -8.5472851639691605       -2.5358855902437936E-006   2.9629500011691381E-008   1.4189146731958492E-009   2.4062153266176699E-008   1.0536700924158775E-007   1.2900902547225084       -1.2900481076544350       -1.8868487005326986        6.3084265738687341E-007   7.2379187704375783E-008   1.3445308905927820E-007   38.000000000000000     
   1.0000000000000000        5.5394641028619246E-010  -1.1085126882342386E-008   8.1644119631163405E-004  -1.2546908637101214E-011   1.0082209118033125E-003  -1.5494141799261372E-011   2.5973410443930303       -2.5973223281240219       -8.5472851639691605       -2.5358855902437936E-006   2.8925364541400520E-008   1.3817251641887691E-009   2.3478297248731922E-008   1.0287916603498078E-007   1.2900902491760011       -1.2900481132007608       -1.8868487005326986        6.3084265738687341E-007   7.0657136802524052E-008   1.3127021648814538E-007   39.000000000000000     
   1.0000000000000000        5.4011907016718963E-010  -1.0813866914807248E-008   8.3391272949427404E-004  -1.2815407742221080E-011   9.9381849128484467E-004  -1.5272808217351630E-011   2.5973410416176512       -2.5973223308993809       -8.5472851639691605       -2.5358855902437936E-006   2.8216029987861613E-008   1.3443586288598078E-009   2.2890407762070731E-008   1.0037253032509745E-007   1.2900902435881836       -1.2900481187883956       -1.8868487005326986        6.3084265738687341E-007   6.8922391812696166E-008   1.2806352879841636E-007   40.000000000000000     
   1.0000000000000000        5.2621806839722285E-010  -1.0540933935216522E-008   8.5113024478121599E-004  -1.3080003149997021E-011   9.7911334402659583E-004  -1.5046822390107867E-011   2.5973410388251357       -2.5973223336918760       -8.5472851639691605       -2.5358855902437936E-006   2.7502362648327339E-008   1.3068656209825127E-009   2.2299215695651989E-008   9.7850143930487208E-008   1.2900902379658634       -1.2900481244105317       -1.8868487005326986        6.3084265738687341E-007   6.7177071156234419E-008   1.2483692854886734E-007   41.000000000000000     
   1.0000000000000000        5.1226089784685789E-010  -1.0266660550526526E-008   8.6808849755051396E-004  -1.3340614262104643E-011   9.6410994935887200E-004  -1.4816253155002233E-011   2.5973410360188853       -2.5973223364981064       -8.5472851639691605       -2.5358855902437936E-006   2.6785234051938598E-008   1.2692967890530249E-009   2.1705455684686756E-008   9.5315068119245998E-008   1.2900902323158907       -1.2900481300603197       -1.8868487005326986        6.3084265738687341E-007   6.5423305897671182E-008   1.2159434273815207E-007   42.000000000000000     
   1.0000000000000000        4.9826510880201459E-010  -9.9913809985102152E-009   8.8478232215409580E-004  -1.3597161693874590E-011   9.4881287746103086E-004  -1.4581170745657323E-011   2.5973410332023192       -2.5973223393146516       -8.5472851639691605       -2.5358855902437936E-006   2.6065519893157731E-008   1.2317028034521362E-009   2.1109865190036684E-008   9.2770379904978790E-008   1.2900902266451491       -1.2900481357308760       -1.8868487005326986        6.3084265738687341E-007   6.3663237139381209E-008   1.1833971802919177E-007   43.000000000000000     
   1.0000000000000000        4.8424828562245297E-010  -9.7154307403765597E-009   9.0120663349127072E-004  -1.3849567298473921E-011   9.3322678796935838E-004  -1.4341646770452312E-011   2.5973410303788693       -2.5973223421380816       -8.5472851639691605       -2.5358855902437936E-006   2.5344098960295840E-008   1.1941342835643030E-009   2.0513183576689864E-008   9.0219168322414921E-008   1.2900902209605474       -1.2900481414152920       -1.8868487005326986        6.3084265738687341E-007   6.1899013405928005E-008   1.1507701594838087E-007   43.999999999999993     
   1.0000000000000000        4.7022802327662320E-010  -9.4391460519111566E-009   9.1735642855769945E-004  -1.4097754190710365E-011   9.1735642855769956E-004  -1.4097754190710370E-011   2.5973410275519750       -2.5973223449649550       -8.5472851639691605       -2.5358855902437936E-006   2.4621852060454303E-008   1.1566417249399851E-009   1.9916151192100832E-008   8.7664530687121174E-008   1.2900902152690112       -1.2900481471066421       -1.8868487005326986        6.3084265738687341E-007   6.0132788021435901E-008   1.1181020806536275E-007   45.000000000000000     
   1.0000000000000000        4.5622190377492810E-010  -9.1628636136370868E-009   9.3322678796935827E-004  -1.4341646770452309E-011   9.0120663349127082E-004  -1.3849567298473924E-011   2.5973410247250812       -2.5973223477918284       -8.5472851639691605       -2.5358855902437936E-006   2.3899660942204027E-008   1.1192754265924369E-009   1.9319508445684513E-008   8.5109568843784940E-008   1.2900902095774753       -1.2900481527979921       -1.8868487005326986        6.3084265738687341E-007   5.8366716483342826E-008   1.0854327115915393E-007   46.000000000000000     
   1.0000000000000000        4.4224747252235188E-010  -8.8869201004963445E-009   9.4881287746103086E-004  -1.4581170745657320E-011   8.8478232215409569E-004  -1.3597161693874597E-011   2.5973410219016309       -2.5973223506152583       -8.5472851639691605       -2.5358855902437936E-006   2.3178407217326749E-008   1.0820854185077753E-009   1.8723994890753212E-008   8.2557385407544764E-008   1.2900902038928737       -1.2900481584824082       -1.8868487005326986        6.3084265738687341E-007   5.6602953835898728E-008   1.0528018237640294E-007   47.000000000000000     
   1.0000000000000000        4.2832221461020196E-010  -8.6116517715529240E-009   9.6410994935887178E-004  -1.4816253155002230E-011   8.6808849755051418E-004  -1.3340614262104648E-011   2.5973410190850652       -2.5973223534318035       -8.5472851639691605       -2.5358855902437936E-006   2.2458971282944276E-008   1.0451213894484422E-009   1.8130348310200167E-008   8.0011080002867895E-008   1.2900901982221322       -1.2900481641529644       -1.8868487005326986        6.3084265738687341E-007   5.4843652046791588E-008   1.0202491438758014E-007   48.000000000000000     
   1.0000000000000000        4.1446353106505795E-010  -8.3373940602181931E-009   9.7911334402659539E-004  -1.5046822390107863E-011   8.5113024478121631E-004  -1.3080003149997028E-011   2.5973410162788149       -2.5973223562380334       -8.5472851639691605       -2.5358855902437936E-006   2.1742231245363139E-008   1.0084326151230491E-009   1.7539303807233685E-008   7.7473745504460475E-008   1.2900901925721595       -1.2900481698027528       -1.8868487005326986        6.3084265738687341E-007   5.3090957390293623E-008   9.8781430546879041E-008   49.000000000000000     
   1.0000000000000000        4.0068871507084502E-010  -8.0644811654995339E-009   9.9381849128484467E-004  -1.5272808217351627E-011   8.3391272949427415E-004  -1.2815407742221081E-011   2.5973410134862989       -2.5973223590305294       -8.5472851639691605       -2.5358855902437936E-006   2.1029061846956114E-008   9.7206788678590437E-010   1.6951592902476406E-008   7.4948464284710213E-008   1.2900901869498398       -1.2900481754248889       -1.8868487005326986        6.3084265738687341E-007   5.1347007840334672E-008   9.5553680061605395E-008   50.000000000000000     
   1.0000000000000000        3.8701492817734338E-010  -7.7932456447710741E-009   1.0082209118033125E-003  -1.5494141799261366E-011   8.1644119631163416E-004  -1.2546908637101224E-011   2.5973410107109203       -2.5973223618058876       -8.5472851639691605       -2.5358855902437936E-006   2.0320333397399347E-008   9.3607544032777765E-010   1.6367942638754020E-008   7.2438304472137522E-008   1.2900901813620225       -1.2900481810125239       -1.8868487005326986        6.3084265738687341E-007   4.9613930476926733E-008   9.2345593176794905E-008   51.000000000000000     
   1.0000000000000000        3.7345917650515704E-010  -7.5240180085645958E-009   1.0223162184651898E-003  -1.5710755715483932E-011   7.9872096723155423E-004  -1.2274587622065857E-011   2.5973410079560595       -2.5973223645607288       -8.5472851639691605       -2.5358855902437936E-006   1.9616910710582700E-008   9.0050288590116744E-010   1.5789074694921107E-008   6.9946316225323421E-008   1.2900901758155154       -1.2900481865588502       -1.8868487005326986        6.3084265738687341E-007   4.7893838909381984E-008   8.9161076380771867E-008   52.000000000000007     
   1.0000000000000000        3.6003828695265764E-010  -7.2571263178756450E-009   1.0361001177035232E-003  -1.5922583983322052E-011   7.8075744000747163E-004  -1.1998527648734219E-011   2.5973410052250734       -2.5973223672916950       -8.5472851639691605       -2.5358855902437936E-006   1.8919652048494084E-008   8.6539713811720758E-010   1.5215704510083235E-008   6.7475528026753347E-008   1.2900901703170768       -1.2900481920571094       -1.8868487005326986        6.3084265738687341E-007   4.6188830719792428E-008   8.6004007637302725E-008   53.000000000000000     
   1.0000000000000000        3.4676888340524410E-010  -6.9928957844777399E-009   1.0495684108090767E-003  -1.6129562077833317E-011   7.6255608650379573E-004  -1.1718812807648431E-011   2.5973410025212895       -2.5973223699954593       -8.5472851639691605       -2.5358855902437936E-006   1.8229408073382876E-008   8.3080434683275936E-010   1.4648540419617569E-008   6.5028943000989849E-008   1.2900901648734049       -1.2900481975006040       -1.8868487005326986        6.3084265738687341E-007   4.4500984930277410E-008   8.2878231649944646E-008   54.000000000000000     
   1.0000000000000000        3.3366736294006658E-010  -6.7316483747336879E-009   1.0627169952093002E-003  -1.6331626951485100E-011   7.4412245102912437E-004  -1.1435528302658733E-011   2.5973409998480013       -2.5973223726687280       -8.5472851639691605       -2.5358855902437936E-006   1.7547020809487201E-008   7.9676982852528100E-010   1.4088282804432150E-008   6.2609535261538214E-008   1.2900901594911325       -1.2900482028827009       -1.8868487005326986        6.3084265738687341E-007   4.2832359497549934E-008   7.9787555164098207E-008   55.000000000000000     
   1.0000000000000000        3.2074987201048837E-010  -6.4737024173896493E-009   1.0755418657180124E-003  -1.6528717053359437E-011   7.2546214864739307E-004  -1.1148760424969602E-011   2.5973409972084665       -2.5973223753082442       -8.5472851639691605       -2.5358855902437936E-006   1.6873322615603904E-008   7.6333799823116965E-010   1.3535623254964239E-008   6.0220246290730875E-008   1.2900901541768166       -1.2900482081968436       -1.8868487005326986        6.3084265738687341E-007   4.1184988838425601E-008   7.6735742312184458E-008   56.000000000000000     
   1.0000000000000000        3.0803228258302624E-010  -6.2193722158329281E-009   1.0880391157554188E-003  -1.6720772347902044E-011   7.0658086346747444E-004  -1.0858596526854557E-011   2.5973409946059003       -2.5973223779107917       -8.5472851639691605       -2.5358855902437936E-006   1.6209135169766783E-008   7.3055230198870487E-010   1.2991243751504082E-008   5.7863981356884685E-008   1.2900901489369323       -1.2900482134365574       -1.8868487005326986        6.3084265738687341E-007   3.9560881389989101E-008   7.3726510007234090E-008   57.000000000000000     
   1.0000000000000000        2.9553016818452963E-010  -5.9689676652901143E-009   1.1002049385380947E-003  -1.6907734333209719E-011   6.8748434691174058E-004  -1.0565124995047846E-011   2.5973409920434736       -2.5973223804731993       -8.5472851639691605       -2.5358855902437936E-006   1.5555268467286374E-008   6.9845514968697882E-010   1.2455815862540731E-008   5.5543605972919957E-008   1.2900901437778636       -1.2900482185954580       -1.8868487005326986        6.3084265738687341E-007   3.7962017208264525E-008   7.0763523390032217E-008   58.000000000000000     
   1.0000000000000000        2.8325877979783138E-010  -5.7227938754367872E-009   1.1120356282385670E-003  -1.7089546058850597E-011   6.6817841596412758E-004  -1.0268435223820984E-011   2.5973409895243091       -2.5973223829923460       -8.5472851639691605       -2.5358855902437936E-006   1.4912519833386990E-008   6.6708784817031273E-010   1.1929999962979619E-008   5.3261942400538666E-008   1.2900901387058956       -1.2900482236672608       -1.8868487005326986        6.3084265738687341E-007   3.6390345609418187E-008   6.7850391334773114E-008   59.000000000000000     
   1.0000000000000000        2.7123302151855405E-010  -5.4811507988848030E-009   1.1235275811141471E-003  -1.7266152143211803E-011   6.4866895139822206E-004  -9.9686175877523719E-012   2.5973409870514752       -2.5973223854651617       -8.5472851639691605       -2.5358855902437936E-006   1.4281672951665058E-008   6.3649053437656850E-010   1.1414444474288714E-008   5.1021766203950324E-008   1.2900901337272082       -1.2900482286457864       -1.8868487005326986        6.3084265738687341E-007   3.4847782857765886E-008   6.4990662017942733E-008   59.999999999999993     
   1.0000000000000000        2.5946742585202311E-010  -5.2443328660077555E-009   1.1346772966046635E-003  -1.7437498790369214E-011   6.2896189598592351E-004  -9.6657634141983671E-012   2.5973409846279849       -2.5973223878886347       -8.5472851639691605       -2.5358855902437936E-006   1.3663496909576081E-008   6.0670210820120898E-010   1.0909785128912757E-008   4.8825802857010889E-008   1.2900901288478670       -1.2900482335249688       -1.8868487005326986        6.3084265738687341E-007   3.3336209905201961E-008   6.2187818554865478E-008   61.000000000000000     
   1.0000000000000000        2.4797612848431941E-010  -5.0126286265593648E-009   1.1454813783987685E-003  -1.7603533806474233E-011   6.0906325268721682E-004  -9.3599649554740467E-012   2.5973409822567906       -2.5973223902598117       -8.5472851639691605       -2.5358855902437936E-006   1.3058745262140911E-008   5.7776016465745860E-010   1.0416644261675049E-008   4.6676724407474946E-008   1.2900901240738163       -1.2900482382988641       -1.8868487005326986        6.3084265738687341E-007   3.1857470187131610E-008   5.9445274707971255E-008   62.000000000000000     
   1.0000000000000000        2.3677284230146347E-010  -4.7863203985342717E-009   1.1559365354684859E-003  -1.7764206615652539E-011   5.8897908282161339E-004  -9.0513153607522724E-012   2.5973409799407818       -2.5973223925758040       -8.5472851639691605       -2.5358855902437936E-006   1.2468155115049555E-008   5.4970092474440653E-010   9.9356301314125080E-009   4.4577146201867337E-008   1.2900901194108734       -1.2900482429616553       -1.8868487005326986        6.3084265738687341E-007   3.0413367480632736E-008   5.6766370670374828E-008   63.000000000000000     
   1.0000000000000000        2.2587083034936259E-010  -4.5656839247157442E-009   1.1660395830716912E-003  -1.7919468275409986E-011   5.6871550422181395E-004  -8.7399086476895400E-012   2.5973409776827796       -2.5973223948337898       -8.5472851639691605       -2.5358855902437936E-006   1.1892446228322522E-008   5.2255916422242614E-010   9.4673362767991449E-009   4.2529623674231364E-008   1.2900901148647184       -1.2900482475076624       -1.8868487005326986        6.3084265738687341E-007   2.9005663831465584E-008   5.4154368927740392E-008   64.000000000000000     
   1.0000000000000000        2.1528287731646685E-010  -4.3509880373505472E-009   1.1757874437222135E-003  -1.8069271491540952E-011   5.4827868937015788E-004  -8.4258396737873437E-012   2.5973409754855359       -2.5973223970310175       -8.5472851639691605       -2.5358855902437936E-006   1.1332320141683766E-008   4.9636813920143839E-010   9.0123409113103807E-009   4.0536649201693154E-008   1.2900901104408908       -1.2900482519313461       -1.8868487005326986        6.3084265738687341E-007   2.7636077557778797E-008   5.1612450200592288E-008   65.000000000000000     
   1.0000000000000000        2.0502125896816569E-010  -4.1424943313884341E-009   1.1851771481272695E-003  -1.8213570632534636E-011   5.2767486351842420E-004  -8.1092041074975612E-012   2.5973409733517268       -2.5973223991648116       -8.5472851639691605       -2.5358855902437936E-006   1.0788459322785474E-008   4.7115950704957791E-010   8.5712063636448867E-009   3.8600649029364654E-008   1.2900901061447803       -1.2900482562273172       -1.8868487005326986        6.3084265738687341E-007   2.6306281340093626E-008   4.9143709468149290E-008   66.000000000000000     
   1.0000000000000000        1.9509770874923440E-010  -3.9404568467232076E-009   1.1942058360919368E-003  -1.8352321743474825E-011   5.0691030279156240E-004  -7.7900983990810169E-012   2.5973409712839524       -2.5973224012325709       -8.5472851639691605       -2.5358855902437936E-006   1.0261526339429298E-008   4.4696324056898889E-010   8.1444785718602341E-009   3.6723980266559275E-008   1.2900901019816204       -1.2900482603903416       -1.8868487005326986        6.3084265738687341E-007   2.5017900409573955E-008   4.6751152073276948E-008   66.999999999999986     
   1.0000000000000000        1.8552338047010971E-010  -3.7451217598747652E-009   1.2028707573903991E-003  -1.8485482559429022E-011   4.8599133227591936E-004  -7.4686197512277242E-012   2.5973409692847320       -2.5973224032317770       -8.5472851639691605       -2.5358855902437936E-006   9.7521630569287428E-009   4.2380753260197175E-010   7.7326866422029284E-009   3.4908927955538012E-008   1.2900900979564842       -1.2900482644153473       -1.8868487005326986        6.3084265738687341E-007   2.3772510850055726E-008   4.4437689906103358E-008   68.000000000000000     
   1.0000000000000000        1.7630880556359226E-010  -3.5567270855599100E-009   1.2111692726036894E-003  -1.8613012518322724E-011   4.6492432409256168E-004  -7.1448660894480748E-012   2.5973409673565011       -2.5973224051599941       -8.5472851639691605       -2.5358855902437936E-006   9.2609898617868310E-009   4.0171868710471011E-010   7.3363424875535030E-009   3.3157702212972382E-008   1.2900900940742750       -1.2900482682974301       -1.8868487005326986        6.3084265738687341E-007   2.2571638034285881E-008   4.2206137660959616E-008   68.999999999999986     
   1.0000000000000000        1.6746384277545581E-010  -3.3755023886152743E-009   1.2190988539236844E-003  -1.8734872773295044E-011   4.4371569545626247E-004  -6.8189360322437040E-012   2.5973409655016093       -2.5973224070148722       -8.5472851639691605       -2.5358855902437936E-006   8.7886049128999577E-009   3.8072099109866912E-010   6.9559405661101990E-009   3.1472435442830739E-008   1.2900900903397230       -1.2900482720318609       -1.8868487005326986        6.3084265738687341E-007   2.1416755222080833E-008   4.0059209157162111E-008   70.000000000000000     
   1.0000000000000000        1.5899761723435292E-010  -3.2016685067640363E-009   1.2266570859230984E-003  -1.8851026204531834E-011   4.2237190672075696E-004  -6.4909288610673808E-012   2.5973409637223162       -2.5973224087941524       -8.5472851639691605       -2.5358855902437936E-006   8.3355834215804959E-009   3.6083655950887066E-010   6.5919577493838863E-009   2.9855179617265942E-008   1.2900900867573784       -1.2900482756140892       -1.8868487005326986        6.3084265738687341E-007   2.0309282358850296E-008   3.7999513708102944E-008   71.000000000000000     
   1.0000000000000000        1.5091844446881223E-010  -3.0354372847653092E-009   1.2338416662912464E-003  -1.8961437430572729E-011   4.0089945941085509E-004  -6.1609444900809618E-012   2.5973409620207897       -2.5973224104956669       -8.5472851639691605       -2.5358855902437936E-006   7.9024769618149773E-009   3.4208514129749857E-010   6.2448533612557603E-009   2.8307903618925145E-008   1.2900900833316051       -1.2900482790397514       -1.8868487005326986        6.3084265738687341E-007   1.9250585129076692E-008   3.6029552514085493E-008   72.000000000000000     
   1.0000000000000000        1.4323373283241425E-010  -2.8770113205627598E-009   1.2406504065353495E-003  -1.9066072819088705E-011   3.7930489424201677E-004  -5.8290834357204288E-012   2.5973409603991024       -2.5973224121173422       -8.5472851639691605       -2.5358855902437936E-006   7.4898128123914016E-009   3.2448386979663281E-010   5.9150694492660957E-009   2.6832490633312541E-008   1.2900900800665771       -1.2900482823046733       -1.8868487005326986        6.3084265738687341E-007   1.8241974344074842E-008   3.4151715040594463E-008   73.000000000000000     
   1.0000000000000000        1.3594985450648371E-010  -2.7265837241747420E-009   1.2470812326471716E-003  -1.9164900497126791E-011   3.5759478912798266E-004  -5.4954467860777891E-012   2.5973409588592311       -2.5973224136572024       -8.5472851639691605       -2.5358855902437936E-006   7.0980933328691003E-009   3.0804693154401379E-010   5.6030313796594582E-009   2.5430735572399994E-008   1.2900900769662726       -1.2900482854048769       -1.8868487005326986        6.3084265738687341E-007   1.7284705782039167E-008   3.2368275322257107E-008   74.000000000000000     
   1.0000000000000000        1.2907196998324487E-010  -2.5843378902749537E-009   1.2531321857347821E-003  -1.9257890360818891E-011   3.3577575717708255E-004  -5.1601361701085257E-012   2.5973409574030515       -2.5973224151133718       -8.5472851639691605       -2.5358855902437936E-006   6.7277953759294057E-009   2.9278511416445828E-010   5.3091488962932425E-009   2.4104342498810713E-008   1.2900900740344687       -1.2900482883365858       -1.8868487005326986        6.3084265738687341E-007   1.6379980660311051E-008   3.0681388098514021E-008   75.000000000000014     
   1.0000000000000000        1.2260378228107654E-010  -2.4504472857530956E-009   1.2588014226192538E-003  -1.9345014084551714E-011   3.1385444467781288E-004  -4.8232537266744763E-012   2.5973409560323373       -2.5973224164840762       -8.5472851639691605       -2.5358855902437936E-006   6.3793697395779916E-009   2.7870517124001555E-010   5.0338178633443535E-009   2.2854922000424377E-008   1.2900900712747372       -1.2900482910962279       -1.8868487005326986        6.3084265738687341E-007   1.5528947021546479E-008   2.9093084630792187E-008   76.000000000000000     
   1.0000000000000000        1.1654718250351491E-010  -2.3250752541205673E-009   1.2640872163961123E-003  -1.9426245129595021E-011   2.9183752907431868E-004  -4.4849020734313800E-012   2.5973409547487587       -2.5973224177676455       -8.5472851639691605       -2.5358855902437936E-006   6.0532406642423084E-009   2.6580890386425653E-010   4.7774230468264541E-009   2.1683988432260726E-008   1.2900900686904406       -1.2900482936804405       -1.8868487005326986        6.3084265738687341E-007   1.4732702487635681E-008   2.7605267955801348E-008   77.000000000000014     
   1.0000000000000000        1.1090172273461814E-010  -2.2083748396192855E-009   1.2689879569613687E-003  -1.9501558752185593E-011   2.6973171693237485E-004  -4.1451842755705046E-012   2.5973409535538794       -2.5973224189625159       -8.5472851639691605       -2.5358855902437936E-006   5.7498053825243994E-009   2.5409179164732157E-010   4.5403425262870236E-009   2.0592956884647222E-008   1.2900900662847277       -1.2900482960860755       -1.8868487005326986        6.3084265738687341E-007   1.3992299136426564E-008   2.6219707162871431E-008   78.000000000000000     
   1.0000000000000000        1.0566380568413297E-010  -2.1004886356619917E-009   1.2735021515019726E-003  -1.9570932011064408E-011   2.4754374189650264E-004  -3.8042038144239685E-012   2.5973409524491555       -2.5973224200672322       -8.5472851639691605       -2.5358855902437936E-006   5.4694337342255170E-009   2.4354088425644092E-010   4.3229547577005789E-009   1.9583139631155479E-008   1.2900900640605288       -1.2900482983102022       -1.8868487005326986        6.3084265738687341E-007   1.3308751803693312E-008   2.4938029979746742E-008   79.000000000000000     
   1.0000000000000000        1.0082539199490164E-010  -2.0015486655022861E-009   1.2776284249505362E-003  -1.9634343774464774E-011   2.2528036263884063E-004  -3.4620645559434346E-012   2.5973409514359331       -2.5973224210804471       -8.5472851639691605       -2.5358855902437936E-006   5.2124678682283219E-009   2.3413143337337650E-010   4.1256501246614852E-009   1.8655741608437903E-008   1.2900900620205544       -1.2900483003501104       -1.8868487005326986        6.3084265738687341E-007   1.2683052152182974E-008   2.3761712373507396E-008   80.000000000000000     
   1.0000000000000000        9.6371849119513071E-011  -1.9116763093377076E-009   1.2813655204041959E-003  -1.9691774726549285E-011   2.0294836080037617E-004  -3.1188707190613489E-012   2.5973409505154463       -2.5973224220009277       -8.5472851639691605       -2.5358855902437936E-006   4.9792220701638145E-009   2.2582128254114521E-010   3.9488504465914764E-009   1.7811854075235002E-008   1.2900900601672893       -1.2900483022033153       -1.8868487005326986        6.3084265738687341E-007   1.2116192926780867E-008   2.2692062715081737E-008   81.000000000000000     
   1.0000000000000000        9.2278189523035644E-011  -1.8309823048343189E-009   1.2847122995074734E-003  -1.9743207373293577E-011   1.8055453892520997E-004  -2.7747268439451195E-012   2.5973409496888165       -2.5973224228275509       -8.5472851639691605       -2.5358855902437936E-006   4.7699827900293834E-009   2.1854104971174286E-010   3.7930433783761962E-009   1.7052444731853019E-008   1.2900900585029920       -1.2900483038675588       -1.8868487005326986        6.3084265738687341E-007   1.1609211224792308E-008   2.1730195587470357E-008   82.000000000000000     
   1.0000000000000000        8.8502086154798535E-011  -1.7595668755491547E-009   1.2876677427990338E-003  -1.9788626047815223E-011   1.5810571838841475E-004  -2.4297377601527939E-012   2.5973409489570511       -2.5973224235593113       -8.5472851639691605       -2.5358855902437936E-006   4.5850090199451524E-009   2.1217589110883026E-010   3.6588465533023885E-009   1.6378340586089544E-008   1.2900900570296898       -1.2900483053408132       -1.8868487005326986        6.3084265738687341E-007   1.1163269678670068E-008   2.0876984655647868E-008   83.000000000000014     
   1.0000000000000000        8.4969903467885092E-011  -1.6975201050173213E-009   1.2902309500222200E-003  -1.9828016915145981E-011   1.3560873731819373E-004  -2.0840085547013364E-012   2.5973409483210417       -2.5973224241953163       -8.5472851639691605       -2.5358855902437936E-006   4.4245333481031442E-009   2.0652901916257190E-010   3.5471361018180241E-009   1.5790194813404307E-008   1.2900900557491781       -1.2900483066212833       -1.8868487005326986        6.3084265738687341E-007   1.0779819583091952E-008   2.0132969797441765E-008   84.000000000000000     
   1.0000000000000000        8.1545962782578388E-011  -1.6449228318681611E-009   1.2924011403992817E-003  -1.9861367976446072E-011   1.1307044851291424E-004  -1.7376445400558508E-012   2.5973409477815625       -2.5973224247347915       -8.5472851639691605       -2.5358855902437936E-006   4.2887644561493241E-009   2.0124142167296344E-010   3.4593295170864563E-009   1.5288414572099563E-008   1.2900900546630165       -1.2900483077074096       -1.8868487005326986        6.3084265738687341E-007   1.0460960243582321E-008   1.9498153654136585E-008   85.000000000000000     
   1.0000000000000000        7.7955695975506592E-011  -1.6018487676245109E-009   1.2941776528692067E-003  -1.9888669072659144E-011   9.0497717353679873E-005  -1.3907512220505536E-012   2.5973409473392715       -2.5973224251770795       -8.5472851639691605       -2.5358855902437936E-006   4.1778930366753058E-009   1.9559111683266822E-010   3.3980924775134435E-009   1.4872979513676801E-008   1.2900900537725286       -1.2900483085978687       -1.8868487005326986        6.3084265738687341E-007   1.0210336541022993E-008   1.8971491630536103E-008   86.000000000000000     
   1.0000000000000000        7.3555076727903601E-011  -1.5683697474747685E-009   1.2955599462890874E-003  -1.9909911887606821E-011   6.7897419713066687E-005  -1.0434342677504998E-012   2.5973409469947071       -2.5973224255216412       -8.5472851639691605       -2.5358855902437936E-006   4.0921066480649834E-009   1.8789081186003033E-010   3.3694565462803137E-009   1.4542887301072847E-008   1.2900900530787993       -1.2900483092915755       -1.8868487005326986        6.3084265738687341E-007   1.0035824185962829E-008   1.8549349116094645E-008   87.000000000000000     
   1.0000000000000000        6.6408260110105763E-011  -1.5445682029073618E-009   1.2965475995989574E-003  -1.9925089950521887E-011   4.5276439860671830E-005  -6.9579947326450159E-013   2.5973409467482895       -2.5973224257680569       -8.5472851639691605       -2.5358855902437936E-006   4.0316268217388263E-009   1.7307823718888245E-010   3.3912682190435405E-009   1.4293857812379560E-008   1.2900900525826737       -1.2900483097876851       -1.8868487005326986        6.3084265738687341E-007   9.9602122307402792E-009   1.8219231925743709E-008   87.999999999999986     
   1.0000000000000000        4.6832991055653154E-011  -1.5304844752019558E-009   1.2971403119500509E-003  -1.9934198638019340E-011   2.2641668366089228E-005  -3.4795273151876595E-013   2.5973409466003190       -2.5973224259160266       -8.5472851639691605       -2.5358855902437936E-006   3.9966030027847699E-009   1.2585277443667446E-010   3.5519484174815803E-009   1.4100990573492329E-008   1.2900900522847565       -1.2900483100855928       -1.8868487005326986        6.3084265738687341E-007   1.0094984778450950E-008   1.7914304897346815E-008   89.000000000000000     
