   1.0000000000000000        2.3369668803437096E-011  -1.7103693806207681E-009   0.0000000000000000        0.0000000000000000        1.1821913769721460E-003  -2.0749472247492037E-012   5.5106416933563045       -5.5106283284152831       -9.4045402545415726       -5.6188641059737730E-007   1.0825612662745629E-008   7.6221755868146787E-010   1.0316552481635578E-008   3.4890150775713374E-008   1.2094387722614803       -1.2093990924835867       -2.1502971003245142        2.3295524456819682E-007  -2.9138155324697361E-007  -3.0666708220140880E-007   0.0000000000000000     
   1.0000000000000000        2.3362201453587624E-011  -1.7098686240232093E-009   2.0632084397569738E-005  -3.6212822302236557E-014   1.1820113234993605E-003  -2.0746312002366418E-012   5.5106416933369928       -5.5106283284345947       -9.4045402545415726       -5.6188641059737730E-007   1.0822428226962660E-008   7.6192629072172655E-010   1.0313331223188368E-008   3.4880068589315054E-008   1.2094387721734856       -1.2093990925715785       -2.1502971003245142        2.3295524456819682E-007  -2.9129610817225425E-007  -3.0657748614181123E-007   1.0000000000000000     
   1.0000000000000000        2.3339809736316722E-011  -1.7083669644842382E-009   4.1257884062364488E-005  -7.2414613827998377E-014   1.1814712179270366E-003  -2.0736832229630838E-012   5.5106416932790809       -5.5106283284925066       -9.4045402545415726       -5.6188641059737730E-007   1.0812878828139343E-008   7.6105296385485390E-010   1.0303671731502463E-008   3.4849834074670677E-008   1.2094387719096087       -1.2093990928354468       -2.1502971003245142        2.3295524456819682E-007  -2.9103987733956595E-007  -3.0630880678503231E-007   2.0000000000000000     
   1.0000000000000000        2.3302524633876342E-011  -1.7058662320210127E-009   6.1871116175999747E-005  -1.0859434716089206E-013   1.1805712247765631E-003  -2.0721035816915915E-012   5.5106416931826390       -5.5106283285889486       -9.4045402545415726       -5.6188641059737730E-007   1.0796976187013125E-008   7.5959900823532078E-010   1.0287586851392917E-008   3.4799483351383980E-008   1.2094387714701711       -1.2093990932748699       -2.1502971003245142        2.3295524456819682E-007  -2.9061317379508045E-007  -3.0586137046570317E-007   3.0000000000000000     
   1.0000000000000000        2.3250397734770622E-011  -1.7023694741832107E-009   8.2465501748288836E-005  -1.4474100160366349E-013   1.1793116181945725E-003  -2.0698927575961972E-012   5.5106416930477842       -5.5106283287238034       -9.4045402545415726       -5.6188641059737730E-007   1.0774739822022276E-008   7.5756680451910835E-010   1.0265097970387723E-008   3.4729076571993836E-008   1.2094387708557079       -1.2093990938893129       -2.1502971003245142        2.3295524456819682E-007  -2.9001651885512870E-007  -3.0523572063700185E-007   4.0000000000000000     
   1.0000000000000000        2.3183501160944634E-011  -1.6978809523378399E-009   1.0303476752988413E-004  -1.8084356653520884E-013   1.1776927818694318E-003  -2.0670514241153382E-012   5.5106416928746826       -5.5106283288969040       -9.4045402545415726       -5.6188641059737730E-007   1.0746197025137776E-008   7.5495967946228862E-010   1.0236234988017323E-008   3.4638697851820685E-008   1.2094387700669684       -1.2093990946780266       -2.1502971003245142        2.3295524456819682E-007  -2.8925064146582621E-007  -3.0443261721439399E-007   5.0000000000000000     
   1.0000000000000000        2.3101927465985840E-011  -1.6924061364742883E-009   1.2357264792316961E-004  -2.1689104476451662E-013   1.1757152089143675E-003  -2.0635804467467167E-012   5.5106416926635440       -5.5106283291080418       -9.4045402545415726       -5.6188641059737730E-007   1.0711382828074307E-008   7.5178189977916030E-010   1.0201036272889572E-008   3.4528455170864081E-008   1.2094387691049129       -1.2093990956400507       -2.1502971003245142        2.3295524456819682E-007  -2.8831647730766890E-007  -3.0345303565795273E-007   6.0000000000000000     
   1.0000000000000000        2.3005789504469815E-011  -1.6859516985360163E-009   1.4407288689082261E-004  -2.5287245588051842E-013   1.1733795017172589E-003  -2.0594808827836635E-012   5.5106416924146249       -5.5106283293569609       -9.4045402545415726       -5.6188641059737730E-007   1.0670339958919843E-008   7.4803866426308028E-010   1.0159548607623543E-008   3.4398480247853052E-008   1.2094387679707137       -1.2093990967742125       -2.1502971003245142        2.3295524456819682E-007  -2.8721516764621022E-007  -3.0229816579436419E-007   7.0000000000000000     
   1.0000000000000000        2.2895220272612486E-011  -1.6785255042869632E-009   1.6452923986146325E-004  -2.8877683959682854E-013   1.1706863717571448E-003  -2.0547539809930744E-012   5.5106416921282291       -5.5106283296433558       -9.4045402545415726       -5.6188641059737730E-007   1.0623118789236627E-008   7.4373609419203297E-010   1.0111827121727213E-008   3.4248928386588049E-008   1.2094387666657529       -1.2093990980791305       -2.1502971003245142        2.3295524456819682E-007  -2.8594805793025349E-007  -3.0096941038000244E-007   8.0000000000000000     
   1.0000000000000000        2.2770372720450029E-011  -1.6701366037226396E-009   1.8493547563181156E-004  -3.2459325909035339E-013   1.1676366393874997E-003  -2.0494011812350274E-012   5.5106416918047065       -5.5106283299668775       -9.4045402545415726       -5.6188641059737730E-007   1.0569777271706150E-008   7.3888122203726188E-010   1.0057935212534014E-008   3.4079978294742595E-008   1.2094387651916203       -1.2093990995532147       -2.1502971003245142        2.3295524456819682E-007  -2.8451669613931171E-007  -2.9946838340679692E-007   9.0000000000000000     
   1.0000000000000000        2.2631419535778010E-011  -1.6607952200375845E-009   2.0528537826477222E-004  -3.6031080433275374E-013   1.1642312335863473E-003  -2.0434241140241802E-012   5.5106416914444498       -5.5106283303271333       -9.4045402545415726       -5.6188641059737730E-007   1.0510380868390827E-008   7.3348197849926779E-010   9.9979444543240826E-009   3.3891831875322993E-008   1.2094387635501116       -1.2093991011946696       -2.1502971003245142        2.3295524456819682E-007  -2.8292283088238830E-007  -2.9779690815289245E-007   10.000000000000000     
   1.0000000000000000        2.2478552900141439E-011  -1.6505127371626379E-009   2.2557274898286932E-004  -3.9591859541374530E-013   1.1604711916732831E-003  -2.0368246000331079E-012   5.5106416910478986       -5.5106283307236836       -9.4045402545415726       -5.6188641059737730E-007   1.0445002469708435E-008   7.2754717789925333E-010   9.9319344957824077E-009   3.3684713991014716E-008   1.2094387617432270       -1.2093991030014950       -2.1502971003245142        2.3295524456819682E-007  -2.8116840925044543E-007  -2.9595701498042595E-007   10.999999999999998     
   1.0000000000000000        2.2311984217178008E-011  -1.6393016858872785E-009   2.4579140805645395E-004  -4.3140578585522417E-013   1.1563576589934984E-003  -2.0296046495377022E-012   5.5106416906155369       -5.5106283311560444       -9.4045402545415726       -5.6188641059737730E-007   1.0373722304216460E-008   7.2108650195404076E-010   9.8599929459558467E-009   3.3458872201670684E-008   1.2094387597731677       -1.2093991049714896       -2.1502971003245142        2.3295524456819682E-007  -2.7925557442524565E-007  -2.9395093888303632E-007   12.000000000000000     
   1.0000000000000000        2.2131943813680194E-011  -1.6271757285838947E-009   2.6593519668610980E-004  -4.6676156591520995E-013   1.1518918885688964E-003  -2.0217664618048255E-012   5.5106416901478896       -5.5106283316236908       -9.4045402545415726       -5.6188641059737730E-007   1.0296627839325361E-008   7.1411048197275203E-010   9.7822152489020429E-009   3.3214576475233811E-008   1.2094387576423340       -1.2093991071022534       -2.1502971003245142        2.3295524456819682E-007  -2.7718666304753943E-007  -2.9178111678602075E-007   13.000000000000002     
   1.0000000000000000        2.1938680613748493E-011  -1.6141496425526904E-009   2.8599797887868294E-004  -5.0197516588059718E-013   1.1470752407164086E-003  -2.0133124244223919E-012   5.5106416896455279       -5.5106283321260507       -9.4045402545415726       -5.6188641059737730E-007   1.0213813673061639E-008   7.0663047950771983E-010   9.6987045472300854E-009   3.2952118872404768E-008   1.2094387553533223       -1.2093991093911900       -2.1502971003245142        2.3295524456819682E-007  -2.7496420234787306E-007  -2.8945018460234897E-007   14.000000000000000     
   1.0000000000000000        2.1732461786460987E-011  -1.6002393020075097E-009   3.0597364331636493E-004  -5.3703585934771438E-013   1.1419091826336315E-003  -2.0042451125720835E-012   5.5106416891090637       -5.5106283326625141       -9.4045402545415726       -5.6188641059737730E-007   1.0125381417021073E-008   6.9865866550506665E-010   9.6095715347566292E-009   3.2671813205406436E-008   1.2094387529089212       -1.2093991118355110       -2.1502971003245142        2.3295524456819682E-007  -2.7259090704360779E-007  -2.8696097404803599E-007   14.999999999999998     
   1.0000000000000000        2.1513572367508157E-011  -1.5854616587245619E-009   3.2585610521825958E-004  -5.7193296648969118E-013   1.1363952879519014E-003  -1.9945672882449275E-012   5.5106416885391498       -5.5106283332324262       -9.4045402545415726       -5.6188641059737730E-007   1.0031439570658187E-008   6.9020799799515606E-010   9.5149342985188604E-009   3.2373994671215107E-008   1.2094387503121087       -1.2093991144322385       -2.1502971003245142        2.3295524456819682E-007  -2.7006967600599506E-007  -2.8431650922065302E-007   16.000000000000000     
   1.0000000000000000        2.1282314855271037E-011  -1.5698347213776748E-009   3.4563930819386584E-004  -6.0665585730963633E-013   1.1305352362569530E-003  -1.9842818993999645E-012   5.5106416879364808       -5.5106283338350943       -9.4045402545415726       -5.6188641059737730E-007   9.9321033870696127E-009   6.8129219837099652E-010   9.4149181503992005E-009   3.2059019459664676E-008   1.2094387475660486       -1.2093991171782084       -2.1502971003245142        2.3295524456819682E-007  -2.6740358870147702E-007  -2.8152000294505774E-007   17.000000000000000     
   1.0000000000000000        2.1039008781860726E-011  -1.5533775335852725E-009   3.6531722608791297E-004  -6.4119395487863742E-013   1.1243308125772997E-003  -1.9733920790662748E-012   5.5106416873017920       -5.5106283344697813       -9.4045402545415726       -5.6188641059737730E-007   9.8274947304431564E-009   6.7192572630345090E-010   9.3096554486379120E-009   3.1727264336851419E-008   1.2094387446740869       -1.2093991200700756       -2.1502971003245142        2.3295524456819682E-007  -2.6459590141163237E-007  -2.7857485289067506E-007   18.000000000000000     
   1.0000000000000000        2.0783990259653734E-011  -1.5361101506958645E-009   3.8488386481598633E-004  -6.7553673855759727E-013   1.1177839068404983E-003  -1.9619011443886226E-012   5.5106416866358554       -5.5106283351357161       -9.4045402545415726       -5.6188641059737730E-007   9.7177419253497921E-009   6.6212375334661843E-010   9.1992854095203478E-009   3.1379126204301210E-008   1.2094387416397465       -1.2093991231043164       -2.1502971003245142        2.3295524456819682E-007  -2.6165004323648987E-007  -2.7548463746496012E-007   19.000000000000000     
   1.0000000000000000        2.0517611503901270E-011  -1.5180536153403786E-009   4.0433326419038300E-004  -7.0967374720192121E-013   1.1108965132974576E-003  -1.9498125956170264E-012   5.5106416859394827       -5.5106283358320871       -9.4045402545415726       -5.6188641059737730E-007   9.6029795980720357E-009   6.5190213528777147E-010   9.0839539095483417E-009   3.1015021634383381E-008   1.2094387384667247       -1.2093991262772343       -2.1502971003245142        2.3295524456819682E-007  -2.5856961188616834E-007  -2.7225311148791557E-007   20.000000000000000     
   1.0000000000000000        2.0240240331996224E-011  -1.4992299317811437E-009   4.2365949973564306E-004  -7.4359458234808346E-013   1.1036707299149702E-003  -1.9371301150405466E-012   5.5106416852135229       -5.5106283365580451       -9.4045402545415726       -5.6188641059737730E-007   9.4833485101632785E-009   6.4127738329810672E-010   8.9638132784109815E-009   3.0635386382482194E-008   1.2094387351588871       -1.2093991295849635       -2.1502971003245142        2.3295524456819682E-007  -2.5535836926610100E-007  -2.6888420165281931E-007   21.000000000000000     
   1.0000000000000000        1.9952259640032131E-011  -1.4796620390888469E-009   4.4285668449320185E-004  -7.7728891138109998E-013   1.0961087577366524E-003  -1.9238575658656247E-012   5.5106416844588599       -5.5106283373127063       -9.4045402545415726       -5.6188641059737730E-007   9.3589953844535902E-009   6.3026663394544578E-010   8.8390220830939017E-009   3.0240674876466973E-008   1.2094387317202642       -1.2093991330234737       -2.1502971003245142        2.3295524456819682E-007  -2.5202023686133384E-007  -2.6538200177855924E-007   21.999999999999996     
   1.0000000000000000        1.9654066857294749E-011  -1.4593737831801515E-009   4.6191897081461497E-004  -8.1074647068194306E-013   1.0882129002124838E-003  -1.9099989910393135E-012   5.5106416836764129       -5.5106283380951515       -9.4045402545415726       -5.6188641059737730E-007   9.2300727237183508E-009   6.1888761813289057E-010   8.7097449034739713E-009   2.9831359684025774E-008   1.2094387281550447       -1.2093991365885763       -2.1502971003245142        2.3295524456819682E-007  -2.4855929092564249E-007  -2.6175076785922159E-007   23.000000000000000     
   1.0000000000000000        1.9346073379351599E-011  -1.4383898877501160E-009   4.8084055214280843E-004  -8.4395706875393890E-013   1.0799855624971555E-003  -1.8955586120177558E-012   5.5106416828671358       -5.5106283389044268       -9.4045402545415726       -5.6188641059737730E-007   9.0967386222370928E-009   6.0715862902055208E-010   8.5761520997589305E-009   2.9407930958447226E-008   1.2094387244675731       -1.2093991402759274       -2.1502971003245142        2.3295524456819682E-007  -2.4497975748146113E-007  -2.5799491291683315E-007   24.000000000000000     
   1.0000000000000000        1.9028703980436784E-011  -1.4167359241348650E-009   4.9961566478081223E-004  -8.7691058932719692E-013   1.0714292507174356E-003  -1.8805408274802890E-012   5.5106416820320145       -5.5106283397395455       -9.4045402545415726       -5.6188641059737730E-007   8.9591565704810966E-009   5.9509848900550964E-010   8.4384195721498782E-009   2.8970895863471949E-008   1.2094387206623411       -1.2093991440810348       -2.1502971003245142        2.3295524456819682E-007  -2.4128600713684784E-007  -2.5411900166337601E-007   25.000000000000000     
   1.0000000000000000        1.8702396205839844E-011  -1.3944382801412733E-009   5.1823858964743816E-004  -9.0959699444012204E-013   1.0625465712087790E-003  -1.8649502119895635E-012   5.5106416811720660       -5.5106283405994922       -9.4045402545415726       -5.6188641059737730E-007   8.8174952531762200E-009   5.8272651582061797E-010   8.2967285131097449E-009   2.8520777977848202E-008   1.2094387167439857       -1.2093991479992621       -2.1502971003245142        2.3295524456819682E-007  -2.3748254972593406E-007  -2.5012774497843751E-007   26.000000000000004     
   1.0000000000000000        1.8367599745024750E-011  -1.3715241278816920E-009   5.3670365401936745E-004  -9.4200632749707656E-013   1.0533402297214123E-003  -1.8487915145980878E-012   5.5106416802883391       -5.5106283414832173       -9.4045402545415726       -5.6188641059737730E-007   8.6719283409921580E-009   5.7006248782489065E-010   8.1512651526350325E-009   2.8058116680251746E-008   1.2094387127172803       -1.2093991520258356       -2.1502971003245142        2.3295524456819682E-007  -2.3357402877952886E-007  -2.4602599420906559E-007   27.000000000000000     
   1.0000000000000000        1.8024775786231850E-011  -1.3480213906529487E-009   5.5500523325911755E-004  -9.7412871630125567E-013   1.0438130305961365E-003  -1.8320696574016203E-012   5.5106416793819086       -5.5106283423896452       -9.4045402545415726       -5.6188641059737730E-007   8.5226342761227621E-009   5.5712660855546132E-010   8.0022204969390399E-009   2.7583466515260044E-008   1.2094387085871310       -1.2093991561558499       -2.1502971003245142        2.3295524456819682E-007  -2.2956521583276202E-007  -2.4181873529862247E-007   28.000000000000000     
   1.0000000000000000        1.7674396353320302E-011  -1.3239587089000300E-009   5.7313775252836041E-004  -1.0059543760618524E-012   1.0339678759100973E-003  -1.8147897340398504E-012   5.5106416784538803       -5.5106283433176717       -9.4045402545415726       -5.6188641059737730E-007   8.3697960520244337E-009   5.4393947061314070E-010   7.8497900609622930E-009   2.7097396541083679E-008   1.2094387043585695       -1.2093991603842731       -2.1502971003245142        2.3295524456819682E-007  -2.2546100457684246E-007  -2.3751108275163189E-007   29.000000000000000     
   1.0000000000000000        1.7316943625632196E-011  -1.2993654053059432E-009   5.9109568848607287E-004  -1.0374736123746016E-012   1.0238077645927843E-003  -1.7969570081448296E-012   5.5106416775053848       -5.5106283442661645       -9.4045402545415726       -5.6188641059737730E-007   8.2136009875907441E-009   5.3052201895456700E-010   7.6941735951364808E-009   2.6600489659784311E-008   1.2094387000367479       -1.2093991647059532       -2.1502971003245142        2.3295524456819682E-007  -2.2126640486221088E-007  -2.3310827344180501E-007   29.999999999999996     
   1.0000000000000000        1.6952909241666761E-011  -1.2742714490503690E-009   6.0887357097100020E-004  -1.0686768241747894E-012   1.0133357915125276E-003  -1.7785769117376138E-012   5.5106416765375767       -5.5106283452339699       -9.4045402545415726       -5.6188641059737730E-007   8.0542404960450653E-009   5.1689551366506803E-010   7.5355748068359899E-009   2.6093341930729613E-008   1.2094386956269316       -1.2093991691156254       -2.1502971003245142        2.3295524456819682E-007  -2.1698653656054419E-007  -2.2861566027063227E-007   31.000000000000000     
   1.0000000000000000        1.6582793587365413E-011  -1.2487074192806819E-009   6.2646598466791891E-004  -1.0995545066618284E-012   1.0025551465337721E-003  -1.7596550435736221E-012   5.5106416755516365       -5.5106283462199084       -9.4045402545415726       -5.6188641059737730E-007   7.8919098488427254E-009   5.0308149228815125E-010   7.3742010769557713E-009   2.5576561868055038E-008   1.2094386911344932       -1.2093991736079170       -2.1502971003245142        2.3295524456819682E-007  -2.1262662329324733E-007  -2.2403870568409840E-007   32.000000000000000     
   1.0000000000000000        1.6207105069823935E-011  -1.2227044678398811E-009   6.4386757075719564E-004  -1.1300972541945148E-012   9.9146911354541247E-004  -1.7401971674371961E-012   5.5106416745487650       -5.5106283472227773       -9.4045402545415726       -5.6188641059737730E-007   7.7268079348766778E-009   4.8910173178442674E-010   7.2102631720674649E-009   2.5050769722918026E-008   1.2094386865649063       -1.2093991781773548       -2.1502971003245142        2.3295524456819682E-007  -2.0819198603422123E-007  -2.1938297505524356E-007   33.000000000000000     
   1.0000000000000000        1.5826359377246630E-011  -1.1962942812969206E-009   6.6107302854713458E-004  -1.1602957631560756E-012   9.8008106946048993E-004  -1.7202092103859004E-012   5.5106416735301833       -5.5106283482413563       -9.4045402545415726       -5.6188641059737730E-007   7.5591370152897478E-009   4.7497821019885353E-010   7.0439749526016736E-009   2.4516596751357503E-008   1.2094386819237382       -1.2093991828183712       -2.1502971003245142        2.3295524456819682E-007  -2.0368803659487575E-007  -2.1465412994047916E-007   34.000000000000000     
   1.0000000000000000        1.5441078725972705E-011  -1.1695090423257098E-009   6.7807711708861953E-004  -1.1901408347881414E-012   9.6839448318755152E-004  -1.6996972609450801E-012   5.5106416724971332       -5.5106283492744037       -9.4045402545415726       -5.6188641059737730E-007   7.3891024741988144E-009   4.6073306811000298E-010   6.8755530775173042E-009   2.3974684468577276E-008   1.2094386772166430       -1.2093991875253125       -2.1502971003245142        2.3295524456819682E-007  -1.9912027099946534E-007  -2.0985792121768461E-007   35.000000000000000     
   1.0000000000000000        1.5051791095410872E-011  -1.1423813904799324E-009   6.9487465677155907E-004  -1.2196233779927776E-012   9.5641291457398590E-004  -1.6786675672532393E-012   5.5106416714508724       -5.5106283503206628       -9.4045402545415726       -5.6188641059737730E-007   7.2169125656441969E-009   4.4638856993828699E-010   6.7052167059205212E-009   2.3425683890501529E-008   1.2094386724493560       -1.2093991922924439       -2.1502971003245142        2.3295524456819682E-007  -1.9449426275899893E-007  -2.0500018211429023E-007   36.000000000000000     
   1.0000000000000000        1.4659029451716967E-011  -1.1149443824114721E-009   7.1146053090264381E-004  -1.2487344121017204E-012   9.4414001332166126E-004  -1.6571265351587950E-012   5.5106416703926762       -5.5106283513788563       -9.4045402545415726       -5.6188641059737730E-007   7.0427781570800599E-009   4.3196706518918568E-010   6.5331871960964360E-009   2.2870254763456419E-008   1.2094386676276854       -1.2093991971139570       -2.1502971003245142        2.3295524456819682E-007  -1.8981565605206352E-007  -2.0008682113365613E-007   37.000000000000000     
   1.0000000000000000        1.4263330961054996E-011  -1.0872314515809833E-009   7.2782968726394274E-004  -1.2774650696119747E-012   9.3157951787518911E-004  -1.6350807262687965E-012   5.5106416693238343       -5.5106283524476956       -9.4045402545415726       -5.6188641059737730E-007   6.8669124697246542E-009   4.1749094970710425E-010   6.3596878024219767E-009   2.2309064782853458E-008   1.2094386627575056       -1.2093992019839779       -2.1502971003245142        2.3295524456819682E-007  -1.8509015882104509E-007  -1.9512381488819929E-007   38.000000000000000     
   1.0000000000000000        1.3865236193287574E-011  -1.0592763675097643E-009   7.4397713965185664E-004  -1.3058065988869438E-012   9.1873525428315872E-004  -1.6125368559501932E-012   5.5106416682456478       -5.5106283535258793       -9.4045402545415726       -5.6188641059737730E-007   6.6895308160974840E-009   4.0298262701437173E-010   6.1849433706291820E-009   2.1742788801761108E-008   1.2094386578447498       -1.2093992068965735       -2.1502971003245142        2.3295524456819682E-007  -1.8032353579231457E-007  -1.9011720084782873E-007   39.000000000000000     
   1.0000000000000000        1.3465288316931714E-011  -1.0311131946225534E-009   7.5989796939596416E-004  -1.3337503668222591E-012   9.0561113503268540E-004  -1.5895017912842726E-012   5.5106416671594314       -5.5106283546120931       -9.4045402545415726       -5.6188641059737730E-007   6.5108503350665873E-009   3.8846446981043841E-010   6.0091800318880034E-009   2.1172108030266698E-008   1.2094386528954040       -1.2093992118457577       -2.1502971003245142        2.3295524456819682E-007  -1.7552160142904216E-007  -1.8507307001234902E-007   40.000000000000000     
   1.0000000000000000        1.3064032286229526E-011  -1.0027762507315236E-009   7.7558732685729665E-004  -1.3612878614755103E-012   8.9221115785762916E-004  -1.5659825489748773E-012   5.5106416660665083       -5.5106283557050135       -9.4045402545415726       -5.6188641059737730E-007   6.3310897247417788E-009   3.7395878170498169E-010   5.8326248961797097E-009   2.0597709226541553E-008   1.2094386479154982       -1.2093992168255010       -2.1502971003245142        2.3295524456819682E-007  -1.7069021282539391E-007  -1.7999755951659151E-007   41.000000000000000     
   1.0000000000000000        1.2662014021157704E-011  -9.7430006521202026E-010   7.9104043290558564E-004  -1.3884106946590648E-012   8.7853940452084576E-004  -1.5419862932110503E-012   5.5106416649682100       -5.5106283568033092       -9.4045402545415726       -5.6188641059737730E-007   6.1504689735399268E-009   3.5948775925741718E-010   5.6555057454270262E-009   2.0020283880535430E-008   1.2094386429110990       -1.2093992218297371       -2.1502971003245142        2.3295524456819682E-007  -1.6583526255092643E-007  -1.7489684517711443E-007   42.000000000000000     
   1.0000000000000000        1.2259779581215827E-011  -9.4571933692110211E-010   8.0625258037503051E-004  -1.4151106044951894E-012   8.6460003957084311E-004  -1.5175203334847548E-012   5.5106416638658740       -5.5106283579056425       -9.4045402545415726       -5.6188641059737730E-007   5.9692090897621477E-009   3.4507345439359830E-010   5.4780507268506673E-009   1.9440527391235161E-008   1.2094386378883042       -1.2093992268523683       -2.1502971003245142        2.3295524456819682E-007  -1.6096267145405684E-007  -1.6977713398938317E-007   43.000000000000000     
   1.0000000000000000        1.1857874333807856E-011  -9.1706889191014919E-010   8.2121913549814904E-004  -1.4413794579327006E-012   8.5039730907321854E-004  -1.4925921223643304E-012   5.5106416627608432       -5.5106283590106706       -9.4045402545415726       -5.6188641059737730E-007   5.7875318300167110E-009   3.3073773727083384E-010   5.3004880470143374E-009   1.8859138238432275E-008   1.2094386328532329       -1.2093992318872755       -2.1502971003245142        2.3295524456819682E-007  -1.5607838143353606E-007  -1.6464465658440440E-007   43.999999999999993     
   1.0000000000000000        1.1456842118029504E-011  -8.8838364098313804E-010   8.3593553931726641E-004  -1.4672092532243691E-012   8.3593553931726663E-004  -1.4672092532243691E-012   5.5106416616544651       -5.5106283601170460       -9.4045402545415726       -5.6188641059737730E-007   5.6056594268259392E-009   3.1650225966050939E-010   5.1230456670223938E-009   1.8276817149956440E-008   1.2094386278120197       -1.2093992369283242       -2.1502971003245142        2.3295524456819682E-007  -1.5118834818689568E-007  -1.5950565965384300E-007   45.000000000000000     
   1.0000000000000000        1.1057224404643681E-011  -8.5969853715229813E-010   8.5039730907321843E-004  -1.4925921223643304E-012   8.2121913549814914E-004  -1.4413794579327008E-012   5.5106416605480870       -5.5106283612234215       -9.4045402545415726       -5.6188641059737730E-007   5.4238143157536811E-009   3.0238841891204715E-010   4.9459509993224425E-009   1.7694266265331120E-008   1.2094386227708065       -1.2093992419693733       -2.1502971003245142        2.3295524456819682E-007  -1.4629853394485583E-007  -1.5436639835268219E-007   46.000000000000000     
   1.0000000000000000        1.0659559453023514E-011  -8.3104853304305872E-010   8.6460003957084311E-004  -1.5175203334847550E-012   8.0625258037503051E-004  -1.4151106044951890E-012   5.5106416594430563       -5.5106283623284495       -9.4045402545415726       -5.6188641059737730E-007   5.2422188623950791E-009   2.8841732256762893E-010   4.7694306065715342E-009   1.7112188296824351E-008   1.2094386177357352       -1.2093992470042807       -2.1502971003245142        2.3295524456819682E-007  -1.4141490020071148E-007  -1.4923312868852416E-007   47.000000000000000     
   1.0000000000000000        1.0264381465788646E-011  -8.0246853830018089E-010   8.7853940452084565E-004  -1.5419862932110503E-012   7.9104043290558564E-004  -1.3884106946590650E-012   5.5106416583407203       -5.5106283634307829       -9.4045402545415726       -5.6188641059737730E-007   5.0610950895634195E-009   2.7460975368687853E-010   4.5937099030078031E-009   1.6531285688863165E-008   1.2094386127129406       -1.2093992520269117       -2.1502971003245142        2.3295524456819682E-007  -1.3654340044370829E-007  -1.4411209990663551E-007   48.000000000000000     
   1.0000000000000000        9.8722197418377589E-012  -7.7399337704703417E-010   8.9221115785762895E-004  -1.5659825489748771E-012   7.7558732685729698E-004  -1.3612878614755105E-012   5.5106416572424219       -5.5106283645290786       -9.4045402545415726       -5.6188641059737730E-007   4.8806644050138921E-009   2.6098613694472338E-010   4.4190128587717579E-009   1.5952259776792766E-008   1.2094386077085417       -1.2093992570311478       -2.1502971003245142        2.3295524456819682E-007  -1.3168997290543223E-007  -1.3900954687985414E-007   49.000000000000000     
   1.0000000000000000        9.4835978284196673E-012  -7.4565774544988159E-010   9.0561113503268540E-004  -1.5895017912842726E-012   7.5989796939596416E-004  -1.3337503668222593E-012   5.5106416561494989       -5.5106283656219990       -9.4045402545415726       -5.6188641059737730E-007   4.7011473300420947E-009   2.4756650555977225E-010   4.2455617076108736E-009   1.5375809945957555E-008   1.2094386027286359       -1.2093992620108915       -2.1502971003245142        2.3295524456819682E-007  -1.2686053332821130E-007  -1.3393168251245983E-007   50.000000000000000     
   1.0000000000000000        9.0990326728128870E-012  -7.1749616943890018E-010   9.1873525428315861E-004  -1.6125368559501932E-012   7.4397713965185675E-004  -1.3058065988869438E-012   5.5106416550632815       -5.5106283667082137       -9.4045402545415726       -5.6188641059737730E-007   4.5227632292898848E-009   2.3437046910847095E-010   4.0735766583963610E-009   1.4802632792088463E-008   1.2094385977792903       -1.2093992669600762       -2.1502971003245142        2.3295524456819682E-007  -1.2206096776451689E-007  -1.2888469016709019E-007   51.000000000000000     
   1.0000000000000000        8.7190337740971893E-012  -6.8954296263749985E-010   9.3157951787518900E-004  -1.6350807262687963E-012   7.2782968726394285E-004  -1.2774650696119751E-012   5.5106416539850960       -5.5106283677863965       -9.4045402545415726       -5.6188641059737730E-007   4.3457300420967000E-009   2.2141718227911709E-010   3.9032756108727420E-009   1.4233421283978224E-008   1.2094385928665350       -1.2093992718726716       -2.1502971003245142        2.3295524456819682E-007  -1.1729712541632003E-007  -1.2387471612374505E-007   52.000000000000007     
   1.0000000000000000        8.3441023353670297E-012  -6.6183218455123187E-010   9.4414001332166126E-004  -1.6571265351587950E-012   7.1146053090264381E-004  -1.2487344121017204E-012   5.5106416529162541       -5.5106283688552358       -9.4045402545415726       -5.6188641059737730E-007   4.1702640157237977E-009   2.0872531461328684E-010   3.7348738760541316E-009   1.3668863929427079E-008   1.2094385879963554       -1.2093992767426929       -2.1502971003245142        2.3295524456819682E-007  -1.1257481152333403E-007  -1.1890786207987318E-007   53.000000000000000     
   1.0000000000000000        7.9747304165798819E-012  -6.3439759906727886E-010   9.5641291457398590E-004  -1.6786675672532391E-012   6.9487465677155907E-004  -1.2196233779927778E-012   5.5106416518580579       -5.5106283699134293       -9.4045402545415726       -5.6188641059737730E-007   3.9965794407834437E-009   1.9631302128184502E-010   3.5685839016736098E-009   1.3109643945438353E-008   1.2094385831746852       -1.2093992815642065       -2.1502971003245142        2.3295524456819682E-007  -1.0789978030902445E-007  -1.1399017770046029E-007   54.000000000000000     
   1.0000000000000000        7.6114000880171003E-012  -6.0727263331511040E-010   9.6839448318755141E-004  -1.6996972609450801E-012   6.7807711708861964E-004  -1.1901408347881414E-012   5.5106416508117970       -5.5106283709596884       -9.4045402545415726       -5.6188641059737730E-007   3.8248883891995047E-009   1.8419791493728134E-010   3.4046150030887506E-009   1.2556438433641969E-008   1.2094385784073984       -1.2093992863313383       -2.1502971003245142        2.3295524456819682E-007  -1.0327772799323839E-007  -1.0912765322694656E-007   55.000000000000000     
   1.0000000000000000        7.2545825840325892E-012  -5.8049033693851387E-010   9.8008106946048993E-004  -1.7202092103859002E-012   6.6107302854713479E-004  -1.1602957631560754E-012   5.5106416497787469       -5.5106283719927358       -9.4045402545415726       -5.6188641059737730E-007   3.6554004550199980E-009   1.7239703867886848E-010   3.2431731000339283E-009   1.2009917561915814E-008   1.2094385737003037       -1.2093992910382798       -2.1502971003245142        2.3295524456819682E-007  -9.8714285880273360E-008  -1.0432621215369846E-007   56.000000000000000     
   1.0000000000000000        6.9047374564011942E-012  -5.5408334182865739E-010   9.9146911354541247E-004  -1.7401971674371959E-012   6.4386757075719574E-004  -1.1300972541945150E-012   5.5106416487601653       -5.5106283730113148       -9.4045402545415726       -5.6188641059737730E-007   3.4883224984048758E-009   1.6092684016326453E-010   3.0844604596147008E-009   1.1470743753171006E-008   1.2094385690591358       -1.2093992956792972       -2.1502971003245142        2.3295524456819682E-007  -9.4215013531164641E-008  -9.9591703980608829E-008   57.000000000000000     
   1.0000000000000000        6.5623117260434418E-012  -5.2808382236730846E-010   1.0025551465337721E-003  -1.7596550435736219E-012   6.2646598466791891E-004  -1.0995545066618286E-012   5.5106416477572928       -5.5106283740141846       -9.4045402545415726       -5.6188641059737730E-007   3.3238583931001209E-009   1.4980314688610137E-010   2.9286754459277275E-009   1.0939570882256610E-008   1.2094385644895493       -1.2093993002487351       -2.1502971003245142        2.3295524456819682E-007  -8.9785392028958163E-008  -9.4929897050232019E-008   58.000000000000000     
   1.0000000000000000        6.2277390312442250E-012  -5.0252345622873443E-010   1.0133357915125274E-003  -1.7785769117376136E-012   6.0887357097100063E-004  -1.0686768241747902E-012   5.5106416467713526       -5.5106283750001221       -9.4045402545415726       -5.6188641059737730E-007   3.1622087777140937E-009   1.3904114265335015E-010   2.7760122766992206E-009   1.0417043481929745E-008   1.2094385599971116       -1.2093993047410272       -2.1502971003245142        2.3295524456819682E-007  -8.5430817345742031E-008  -9.0346471477654513E-008   59.000000000000000     
   1.0000000000000000        5.9014387695487849E-012  -4.7743338578813744E-010   1.0238077645927841E-003  -1.7969570081448294E-012   5.9109568848607320E-004  -1.0374736123746014E-012   5.5106416458035445       -5.5106283759679275       -9.4045402545415726       -5.6188641059737730E-007   3.0035708110991624E-009   1.2865534525217011E-010   2.6266607873335305E-009   9.9037959588232122E-009   1.2094385555872960       -1.2093993091506996       -2.1502971003245142        2.3295524456819682E-007  -8.1156593820238777E-008  -8.5847012181033670E-008   59.999999999999993     
   1.0000000000000000        5.5838152293003945E-012  -4.5284418018375302E-010   1.0339678759100973E-003  -1.8147897340398504E-012   5.7313775252836052E-004  -1.0059543760618522E-012   5.5106416448550490       -5.5106283769164213       -9.4045402545415726       -5.6188641059737730E-007   2.8481379321424467E-009   1.1865958531993138E-010   2.4808062027763356E-009   9.4004518203261254E-009   1.2094385512654748       -1.2093993134723806       -2.1502971003245142        2.3295524456819682E-007  -7.6967927754843898E-008  -8.1437002020420228E-008   61.000000000000000     
   1.0000000000000000        5.2752567051252284E-012  -4.2878579807897294E-010   1.0438130305961365E-003  -1.8320696574016203E-012   5.5500523325911766E-004  -9.7412871630125527E-013   5.5106416439270207       -5.5106283778444469       -9.4045402545415726       -5.6188641059737730E-007   2.6960996242625612E-009   1.0906698639716076E-010   2.3386289176184134E-009   8.9076229132740667E-009   1.2094385470369140       -1.2093993177008040       -2.1502971003245142        2.3295524456819682E-007  -7.2869921141141002E-008  -7.7121815052064757E-008   62.000000000000000     
   1.0000000000000000        4.9761345894123838E-012  -4.0528755117006073E-010   1.0533402297214123E-003  -1.8487915145980878E-012   5.3670365401936745E-004  -9.4200632749707736E-013   5.5106416430205911       -5.5106283787508747       -9.4045402545415726       -5.6188641059737730E-007   2.5476411849044167E-009   9.9889946132169217E-011   2.2003042848926252E-009   8.4259086753196812E-009   1.2094385429067651       -1.2093993218308190       -2.1502971003245142        2.3295524456819682E-007  -6.8867565523175672E-008  -7.2906709904903729E-008   63.000000000000000     
   1.0000000000000000        4.6868024287658863E-012  -3.8237806848414072E-010   1.0625465712087790E-003  -1.8649502119895639E-012   5.1823858964743794E-004  -9.0959699444012163E-013   5.5106416421368634       -5.5106283796345998       -9.4045402545415726       -5.6188641059737730E-007   2.4029435003186571E-009   9.1140118582275644E-011   2.0660024140678541E-009   7.9558953998242357E-009   1.2094385388800601       -1.2093993258573934       -2.1502971003245142        2.3295524456819682E-007  -6.4965736008145211E-008  -6.8796823285239229E-008   64.000000000000000     
   1.0000000000000000        4.4075949301743381E-012  -3.6008526151125647E-010   1.0714292507174356E-003  -1.8805408274802890E-012   4.9961566478081223E-004  -8.7691058932719682E-013   5.5106416412769148       -5.5106283804945466       -9.4045402545415726       -5.6188641059737730E-007   2.2621828259096106E-009   8.2828397528581076E-011   1.9358879788124996E-009   7.4981555150727878E-009   1.2094385349617054       -1.2093993297756211       -2.1502971003245142        2.3295524456819682E-007  -6.1169185434747356E-008  -6.4797163614762143E-008   65.000000000000000     
   1.0000000000000000        4.1388268957666264E-012  -3.3843629021338317E-010   1.0799855624971555E-003  -1.8955586120177558E-012   4.8084055214280870E-004  -8.4395706875393880E-013   5.5106416404417935       -5.5106283813296661       -9.4045402545415726       -5.6188641059737730E-007   2.1255305724272040E-009   7.4964900676385991E-011   1.8101200352031855E-009   7.0532468785631823E-009   1.2094385311564744       -1.2093993335807287       -2.1502971003245142        2.3295524456819682E-007  -5.7482538710300870E-008  -6.0912604805907860E-008   66.000000000000000     
   1.0000000000000000        3.8807920568104498E-012  -3.1745752995232629E-010   1.0882129002124838E-003  -1.9099989910393135E-012   4.6191897081461497E-004  -8.1074647068194276E-013   5.5106416396325164       -5.5106283821389415       -9.4045402545415726       -5.6188641059737730E-007   1.9931530982810335E-009   6.7558954565071285E-011   1.6888518512095029E-009   6.6217120870589154E-009   1.2094385274690029       -1.2093993372680807       -2.1502971003245142        2.3295524456819682E-007  -5.3910287329025025E-008  -5.7147880176954624E-008   66.999999999999986     
   1.0000000000000000        3.6337617659441598E-012  -2.9717453937750940E-010   1.0961087577366524E-003  -1.9238575658656247E-012   4.4285668449320148E-004  -7.7728891138110038E-013   5.5106416388500703       -5.5106283829213849       -9.4045402545415726       -5.6188641059737730E-007   1.8652115082443678E-009   6.0619079926963162E-011   1.5722307485014419E-009   6.2040778030046100E-009   1.2094385239037844       -1.2093993408331838       -2.1502971003245142        2.3295524456819682E-007  -5.0456784085764095E-008  -5.3507576507126866E-008   68.000000000000000     
   1.0000000000000000        3.3979834899479833E-012  -2.7761202931369877E-010   1.1036707299149702E-003  -1.9371301150405466E-012   4.2365949973564295E-004  -7.4359458234808336E-013   5.5106416380954064       -5.5106283836760470       -9.4045402545415726       -5.6188641059737730E-007   1.7418614588233568E-009   5.4152977131331538E-011   1.4603979579547062E-009   5.8008540977869452E-009   1.2094385204651616       -1.2093993442716948       -2.1502971003245142        2.3295524456819682E-007  -4.7126238002214393E-008  -4.9996128228917577E-008   68.999999999999986     
   1.0000000000000000        3.1736790210750968E-012  -2.5879383268789480E-010   1.1108965132974576E-003  -1.9498125956170264E-012   4.0433326419038305E-004  -7.0967374720192071E-013   5.5106416373694467       -5.5106283844020050       -9.4045402545415726       -5.6188641059737730E-007   1.6232529705644219E-009   4.8167511190453668E-011   1.3534884907063594E-009   5.4125338121592610E-009   1.2094385171573248       -1.2093993475794247       -2.1502971003245142        2.3295524456819682E-007  -4.3922709486862460E-008  -4.6617811750531228E-008   70.000000000000000     
   1.0000000000000000        2.9610422891298210E-012  -2.4074287553383448E-010   1.1177839068404983E-003  -1.9619011443886222E-012   3.8488386481598671E-004  -6.7553673855759797E-013   5.5106416366730739       -5.5106283850983768       -9.4045402545415726       -5.6188641059737730E-007   1.5095302475822788E-009   4.2668695575654048E-011   1.2516310273246954E-009   5.0395919339113393E-009   1.2094385139843036       -1.2093993507523431       -2.1502971003245142        2.3295524456819682E-007  -4.0850105756042632E-008  -4.3376739895035957E-008   71.000000000000000     
   1.0000000000000000        2.7602366026844612E-012  -2.2348114911195215E-010   1.1243308125772997E-003  -1.9733920790662748E-012   3.6531722608791324E-004  -6.4119395487863610E-013   5.5106416360071373       -5.5106283857643117       -9.4045402545415726       -5.6188641059737730E-007   1.4008315046074794E-009   3.7661673747076492E-011   1.1549478287413046E-009   4.6824849925194410E-009   1.2094385109499639       -1.2093993537865846       -2.1502971003245142        2.3295524456819682E-007  -3.7912176552931321E-008  -4.0276856433438324E-008   72.000000000000000     
   1.0000000000000000        2.5713910654944639E-012  -2.0702968318242410E-010   1.1305352362569528E-003  -1.9842818993999649E-012   3.4563930819386606E-004  -6.0665585730963583E-013   5.5106416353724486       -5.5106283863989987       -9.4045402545415726       -5.6188641059737730E-007   1.2972888018791027E-009   3.3150696778036498E-011   1.0635546742506525E-009   4.3416504699925058E-009   1.2094385080580026       -1.2093993566784522       -2.1502971003245142        2.3295524456819682E-007  -3.5112510215834187E-008  -3.7321930674659432E-008   73.000000000000000     
   1.0000000000000000        2.3945957855174956E-012  -1.9140852046909584E-010   1.1363952879519016E-003  -1.9945672882449275E-012   3.2585610521825920E-004  -5.7193296648969047E-013   5.5106416347697804       -5.5106283870016650       -9.4045402545415726       -5.6188641059737730E-007   1.1990278882588006E-009   2.9139094637147864E-011   9.7756083449074148E-010   4.0175062263269021E-009   1.2094385053119432       -1.2093993594244228       -2.1502971003245142        2.3295524456819682E-007  -3.2454530169919221E-008  -3.4515552053224194E-008   74.000000000000000     
   1.0000000000000000        2.2298952880746229E-012  -1.7663669235318133E-010   1.1419091826336315E-003  -2.0042451125720835E-012   3.0597364331636477E-004  -5.3703585934771479E-013   5.5106416341998665       -5.5106283875715780       -9.4045402545415726       -5.6188641059737730E-007   1.1061680530235771E-009   2.5629237384997886E-011   8.9706909149347849E-010   3.7104499367043638E-009   1.2094385027151313       -1.2093993620211505       -2.1502971003245142        2.3295524456819682E-007  -2.9941491953193536E-008  -3.1861124620155480E-008   75.000000000000014     
   1.0000000000000000        2.0772792065179548E-012  -1.6273219583796539E-010   1.1470752407164086E-003  -2.0133124244223919E-012   2.8599797887868310E-004  -5.0197516588059667E-013   5.5106416336634014       -5.5106283881080413       -9.4045402545415726       -5.6188641059737730E-007   1.0188219869370980E-009   2.2622480401239400E-011   8.2217582476825394E-010   3.4208585354860731E-009   1.2094385002707304       -1.2093993644654724       -2.1502971003245142        2.3295524456819682E-007  -2.7576480947807080E-008  -2.9361861284615614E-008   76.000000000000000     
   1.0000000000000000        1.9366687515223558E-012  -1.4971197183037182E-010   1.1518918885688964E-003  -2.0217664618048255E-012   2.6593519668610948E-004  -4.6676156591520995E-013   5.5106416331610397       -5.5106283886104022       -9.4045402545415726       -5.6188641059737730E-007   9.3709565344150051E-010   2.0119084131468599E-011   7.5297119401827101E-010   3.1490876585296760E-009   1.2094384979817192       -1.2093993667544094       -2.1502971003245142        2.3295524456819682E-007  -2.5362411089903406E-008  -2.7020777555897581E-008   77.000000000000014     
   1.0000000000000000        1.8078964588009161E-012  -1.3759188479359647E-010   1.1563576589934984E-003  -2.0296046495377022E-012   2.4579140805645416E-004  -4.3140578585522407E-013   5.5106416326933934       -5.5106283890780476       -9.4045402545415726       -5.6188641059737730E-007   8.6108817123920867E-010   1.8118092503852130E-011   6.8953946946175667E-010   2.8954710691969054E-009   1.2094384958508861       -1.2093993688851734       -2.1502971003245142        2.3295524456819682E-007  -2.3302025010008879E-008  -2.4840684364020822E-008   78.000000000000000     
   1.0000000000000000        1.6906748946269897E-012  -1.2638670383968146E-010   1.1604711916732833E-003  -2.0368246000331079E-012   2.2557274898286854E-004  -3.9591859541374409E-013   5.5106416322610308       -5.5106283895104093       -9.4045402545415726       -5.6188641059737730E-007   7.9089171030879636E-010   1.6617142641185020E-011   6.3195959776792553E-010   2.6603200422023592E-009   1.2094384938808274       -1.2093993708551685       -2.1502971003245142        2.3295524456819682E-007  -2.1397896380883291E-008  -2.2824179225576243E-008   79.000000000000000     
   1.0000000000000000        1.5845465399930716E-012  -1.1611008535653856E-010   1.1642312335863473E-003  -2.0434241140241802E-012   2.0528537826477233E-004  -3.6031080433275475E-013   5.5106416318644795       -5.5106283899069588       -9.4045402545415726       -5.6188641059737730E-007   7.2659140485762508E-010   1.5612156597220110E-011   5.8030616197707405E-010   2.4439226580909456E-009   1.2094384920739432       -1.2093993726619943       -2.1502971003245142        2.3295524456819682E-007  -1.9652435866697971E-008  -2.0973634429035504E-008   80.000000000000000     
   1.0000000000000000        1.4888001574500538E-012  -1.0677455730793502E-010   1.1676366393874999E-003  -2.0494011812350274E-012   1.8493547563181066E-004  -3.2459325909035182E-013   5.5106416315042237       -5.5106283902672146       -9.4045402545415726       -5.6188641059737730E-007   6.6826528958465764E-010   1.5096822058766548E-011   5.3465103444750112E-010   2.2465429182600961E-009   1.2094384904324349       -1.2093993743034495       -2.1502971003245142        2.3295524456819682E-007  -1.8067903300001450E-008  -1.9291179727640389E-008   81.000000000000000     
   1.0000000000000000        1.4023242469201748E-012  -9.8391505418279947E-011   1.1706863717571446E-003  -2.0547539809930748E-012   1.6452923986146365E-004  -2.8877683959682899E-013   5.5106416311807003       -5.5106283905907372       -9.4045402545415726       -5.6188641059737730E-007   6.1598427160174062E-010   1.5061675899004655E-011   4.9506632066925816E-010   2.0684194989194937E-009   1.2094384889583025       -1.2093993757775341       -2.1502971003245142        2.3295524456819682E-007  -1.6646431328629508E-008  -1.7778674504006738E-008   82.000000000000000     
   1.0000000000000000        1.3233346025020715E-012  -9.0971161562311010E-011   1.1733795017172589E-003  -2.0594808827836635E-012   1.4407288689082280E-004  -2.5287245588051675E-013   5.5106416308943054       -5.5106283908771312       -9.4045402545415726       -5.6188641059737730E-007   5.6981216364323235E-010   1.5492391755518108E-011   4.6162987437581664E-010   1.9097637519864409E-009   1.2094384876533419       -1.2093993770824525       -2.1502971003245142        2.3295524456819682E-007  -1.5390071743133851E-008  -1.6437658591063076E-008   83.000000000000014     
   1.0000000000000000        1.2488289976448109E-012  -8.4522594762288650E-011   1.1757152089143675E-003  -2.0635804467467167E-012   1.2357264792317016E-004  -2.1689104476451356E-013   5.5106416306453863       -5.5106283911260494       -9.4045402545415726       -5.6188641059737730E-007   5.2980583620479519E-010   1.6366340962262843E-011   4.3443636964965764E-010   1.7707560311014984E-009   1.2094384865191432       -1.2093993782166146       -2.1502971003245142        2.3295524456819682E-007  -1.4300890583671666E-008  -1.5269256451984928E-008   84.000000000000000     
   1.0000000000000000        1.1733868729382783E-012  -7.9053704742162569E-011   1.1776927818694320E-003  -2.0670514241153382E-012   1.0303476752988323E-004  -1.8084356653520561E-013   5.5106416304342476       -5.5106283913371881       -9.4045402545415726       -5.6188641059737730E-007   4.9601563155508382E-010   1.7645006772362110E-011   4.1362168606804017E-010   1.6515379236043209E-009   1.2094384855570879       -1.2093993791786388       -2.1502971003245142        2.3295524456819682E-007  -1.3381179693992131E-008  -1.4273968751811820E-008   85.000000000000000     
   1.0000000000000000        1.0861676784825165E-012  -7.4571213514434095E-011   1.1793116181945725E-003  -2.0698927575961972E-012   8.2465501748290327E-005  -1.4474100160366753E-013   5.5106416302611452       -5.5106283915102896       -9.4045402545415726       -5.6188641059737730E-007   4.6848644077716138E-010   1.9254990322432579E-011   3.9942384706609598E-010   1.5521930421749911E-009   1.2094384847683484       -1.2093993799673528       -2.1502971003245142        2.3295524456819682E-007  -1.2633986965879291E-008  -1.3451152648838978E-008   86.000000000000000     
   1.0000000000000000        9.6190487432908317E-013  -7.1080615222967647E-011   1.1805712247765631E-003  -2.0721035816915915E-012   6.1871116176001183E-005  -1.0859434716089264E-013   5.5106416301262913       -5.5106283916451435       -9.4045402545415726       -5.6188641059737730E-007   4.4726076784662039E-010   2.1030975863809855E-011   3.9236557350851048E-010   1.4726889704907214E-009   1.2094384841538854       -1.2093993805817957       -2.1502971003245142        2.3295524456819682E-007  -1.2064702781662971E-008  -1.2797458282954770E-008   87.000000000000000     
   1.0000000000000000        7.2488465276454039E-013  -6.8585694362227174E-011   1.1814712179270366E-003  -2.0736832229630842E-012   4.1257884062361479E-005  -7.2414613827997254E-014   5.5106416300298493       -5.5106283917415855       -9.4045402545415726       -5.6188641059737730E-007   4.3238918974416007E-010   2.2487447080805026E-011   3.9398247226079123E-010   1.4126394828880492E-009   1.2094384837144481       -1.2093993810212189       -2.1502971003245142        2.3295524456819682E-007  -1.1687356509358636E-008  -1.2300525717636931E-008   87.999999999999986     
   1.0000000000000000       -3.0303208841354575E-015  -6.7080287861811298E-011   1.1820113234993607E-003  -2.0746312002366418E-012   2.0632084397560594E-005  -3.6212822302226006E-014   5.5106416299719374       -5.5106283917994965       -9.4045402545415726       -5.6188641059737730E-007   4.2397267024408935E-010   2.1219855963750328E-011   4.1188567015179535E-010   1.3695426703096246E-009   1.2094384834505711       -1.2093993812850874       -2.1502971003245142        2.3295524456819682E-007  -1.1567821023123262E-008  -1.1894032277502080E-008   89.000000000000000     
