   1.0000000000000000E-002   1.0702634510657085E-011  -1.2058590684267916E-011   0.0000000000000000        0.0000000000000000        1.2973379027965858E-005  -1.9937235176536040E-015  0.25973317804632395      -0.25973315920173551       -8.5472851639518321       -2.5358855903649022E-008   5.2801290041958056E-010   7.9904905727538766E-009   4.3020306640465388E-010   8.1006670561312130E-009  0.12900693929730081      -0.12900689690297654       -1.8868487005524024        6.3084265801700575E-009   1.1301790524316928E-011  -1.2086459666304318E-011
   2.0000000000000000E-002   2.8738930071985414E-011  -3.3889375000869199E-011   0.0000000000000000        0.0000000000000000        2.5946758055931715E-005  -7.9748940706145437E-015  0.36731819631651424      -0.36731814301596921       -8.5472851639518375       -5.0717711807297303E-008   1.4178900005122276E-009   1.5498908985470774E-008   1.1552205413418321E-009   1.5808551793539715E-008  0.18244339317180761      -0.18244327326255091       -1.8868487005523964        1.2616853160336333E-008   3.1084493276899957E-011  -3.4038764490559123E-011
   3.0000000000000006E-002   5.0745417217557700E-011  -6.1885799698627534E-011   0.0000000000000000        0.0000000000000000        3.8920137083897578E-005  -1.7943511658882164E-014  0.44987109342735371      -0.44987099550799986       -8.5472851639518463       -7.6076567710943556E-008   2.5037070257749621E-009   2.2703166250091836E-008   2.0398614240962494E-009   2.3268615003897832E-008  0.22344664682102885      -0.22344642653365801       -1.8868487005523866        1.8925279740495081E-008   5.5936357200069929E-011  -6.2280880126245747E-011
   4.0000000000000001E-002   7.5574967069486747E-011  -9.4736198022264487E-011   0.0000000000000000        0.0000000000000000        5.1893516111863424E-005  -3.1899576282456969E-014  0.51946641262641879      -0.51946626186971134       -8.5472851639518588       -1.0143542361458927E-007   3.7288735626972944E-009   2.9667966329208064E-008   3.0380179636267604E-009   3.0533577387352635E-008  0.25801400577763117      -0.25801366662303699       -1.8868487005523726        2.5233706320642418E-008   8.4675706449904751E-011  -9.5519691358189800E-011
   5.0000000000000003E-002   1.0258915025053014E-010  -1.3167406882994571E-010   0.0000000000000000        0.0000000000000000        6.4866895139829270E-005  -4.9843087941337285E-014  0.58078112639920798      -0.58078091571030410       -8.5472851639518730       -1.2679427951822982E-007   5.0618939556858363E-009   3.6431120242270239E-008   4.1240290263708045E-009   3.7634247415081720E-008  0.28846847543123694      -0.28846800144828233       -1.8868487005523547        3.1542132900775038E-008   1.1663616645999738E-010  -1.3300192442533372E-010
   6.0000000000000005E-002   1.3137235941916323E-010  -1.7217818608735639E-010   0.0000000000000000        0.0000000000000000        7.7840274167795116E-005  -7.1774046635521438E-014  0.63621387088402859      -0.63621359392627208       -8.5472851639518908       -1.5215313542186880E-007   6.4822647036651957E-009   4.3018339668013223E-008   5.2811895763098652E-009   4.4591575047968985E-008  0.31600143416790871      -0.31600081110113393       -1.8868487005523333        3.7850559480888087E-008   1.5137836107926709E-010  -1.7421641806015654E-010
   7.0000000000000007E-002   1.6162987318569169E-010  -2.1586375465296891E-010   0.0000000000000000        0.0000000000000000        9.0813653195760962E-005  -9.7692452365008098E-014  0.68718954591734172      -0.68718919691067970       -8.5472851639519156       -1.7751199132550211E-007   7.9754458362762276E-009   4.9448606214983396E-008   6.4976534674790378E-009   5.1421026590164339E-008  0.34132061527702090      -0.34131983012314776       -1.8868487005523076        4.4158986060978809E-008   1.8858676022290205E-010  -2.1878632391796860E-010
   8.0000000000000002E-002   1.9314091713811577E-010  -2.6243145105531396E-010   0.0000000000000000        0.0000000000000000        1.0378703222372679E-004  -1.2759830512979259E-013  0.73463655253469518      -0.73463612613033458       -8.5472851639519405       -2.0287084722913103E-007   9.5305453521984121E-009   5.5736685227817320E-008   7.7645467817613010E-009   5.8134632927714794E-008  0.36488714607170630      -0.36488618679765272       -1.8868487005522783        5.0467412641042830E-008   2.2802202195936503E-010  -2.6641874393703413E-010
   9.0000000000000024E-002   2.2573363794834854E-010  -3.1163981493705174E-010   0.0000000000000000        0.0000000000000000        1.1676041125169263E-004  -1.6149160492988110E-013  0.77919976027407767      -0.77919925147018998       -8.5472851639519707       -2.2822970313275365E-007   1.1139084652850480E-008   6.1894487706696374E-008   9.0749619398015981E-009   6.4742099218396011E-008  0.38702132662424760      -0.38702018197749233       -1.8868487005522447        5.6775839221076880E-008   2.6949549798285185E-010  -3.1687749809426399E-010
  0.10000000000000001        2.5927039764962812E-010  -3.6328876974990245E-010   0.0000000000000000        0.0000000000000000        1.2973379027965846E-004  -1.9937235176528126E-013  0.82134869470367877      -0.82134809878546855       -8.5472851639520027       -2.5358855903636963E-007   1.2794273083028896E-008   6.7931883223212572E-008   1.0423366619942770E-008   7.1251467255778877E-008  0.40795636542895514      -0.40795502480270956       -1.8868487005522074        6.3084265801076731E-008   3.1285420161049884E-010  -3.6996689894487298E-010
  0.20000000000000001        6.2855373101303386E-010  -9.8553979538501236E-010   0.0000000000000000        0.0000000000000000        2.5946758055931600E-004  -7.9748940705982641E-013   1.1615628848654369       -1.1615611993542068       -8.5472851639525231       -5.0717711807201082E-007   3.1023435042410657E-008   1.2308790221059326E-007   2.5273068627126239E-008   1.3209409612068329E-007  0.57693837281450966      -0.57693458095087247       -1.8868487005516161        1.2616853159837228E-007   8.2943013782312678E-010  -1.0176602588177055E-009
  0.30000000000000004        1.0304011814769820E-009  -1.7477562895548277E-009   0.0000000000000000        0.0000000000000000        3.8920137083897199E-004  -1.7943511658800435E-012   1.4226187021185768       -1.4226156056367247       -8.5472851639533900       -7.6076567710620119E-007   5.0866253451892294E-008   1.7133806654323513E-007   4.1436051956075351E-008   1.8731079637047403E-007  0.70660347423514458      -0.70659650813683073       -1.8868487005506307        1.8925279738810474E-007   1.4614407777429079E-009  -1.8261912433526251E-009
  0.40000000000000002        1.4455498182951457E-009  -2.6085278869463339E-009   0.0000000000000000        0.0000000000000000        5.1893516111862516E-004  -3.1899576282193539E-012   1.6426991771637403       -1.6426944098180583       -8.5472851639546032       -1.0143542361382087E-006   7.1372086510796502E-008   2.1472513278374025E-007   5.8138010379911897E-008   2.3856600219398945E-007  0.81591675275458952      -0.81590602774462540       -1.8868487005492511        2.5233706316649230E-007   2.1831198881009430E-009  -2.7543000654436493E-009
  0.50000000000000000        1.8656338680419911E-009  -3.5449831715491266E-009   0.0000000000000000        0.0000000000000000        6.4866895139827519E-004  -4.9843087940701663E-012   1.8365941796185352       -1.8365875170503996       -8.5472851639561629       -1.2679427951673151E-006   9.2127966415081996E-008   2.5437735805633032E-007   7.5042651750747559E-008   2.8677900209530429E-007  0.91222416044782062      -0.91220917179073335       -1.8868487005474779        3.1542132892975519E-007   2.9815033720359066E-009  -3.7787124924125151E-009
  0.60000000000000009        2.2863508096786066E-009  -4.5424349861666069E-009   0.0000000000000000        0.0000000000000000        7.7840274167792088E-004  -7.1774046634194262E-012   2.0118888521688780       -2.0118800939956172       -8.5472851639580689       -1.5215313541927900E-006   1.1292143272645360E-007   2.9101928060632112E-007   9.1977010745000272E-008   3.3254013021012530E-007  0.99929314229820032      -0.99927343919677702       -1.8868487005453103        3.7850559467412570E-007   3.8487944096112093E-009  -4.8841274216625593E-009
  0.70000000000000018        2.7052907959589238E-009  -5.5906282882486967E-009   0.0000000000000000        0.0000000000000000        9.0813653195756159E-004  -9.7692452362549347E-012   2.1730891158150216       -2.1730780792553208       -8.5472851639603231       -1.7751199132138916E-006   1.3363343419631153E-007   3.2515680677986566E-007   1.0884420186018096E-007   3.7626157807444569E-007   1.0793617296576985       -1.0793369009121723       -1.8868487005427488        4.4158986039579027E-007   4.7798091724256406E-009  -6.0595924907117131E-009
  0.80000000000000004        3.1210416154463467E-009  -6.6820010460200463E-009   0.0000000000000000        0.0000000000000000        1.0378703222371959E-003  -1.2759830512560722E-011   2.3231308262744728       -2.3231173421846325       -8.5472851639629219       -2.0287084722298962E-006   1.5419416343210541E-007   3.5716299819470479E-007   1.2558744264074010E-007   4.1824729529948312E-007   1.1538881213214285       -1.1538577864123343       -1.8868487005397927        5.0467412609099565E-007   5.7708660921461198E-009  -7.2968210913439337E-009
  0.90000000000000013        3.5327603797113112E-009  -7.8107560860199574E-009   0.0000000000000000        0.0000000000000000        1.1676041125168238E-003  -1.6149160492318339E-011   2.4640532351435742       -2.4640371453518966       -8.5472851639658671       -2.2822970312401462E-006   1.7456192016576374E-007   3.8732385614594972E-007   1.4217283703463229E-007   4.5873029527999160E-007   1.2238851839453522       -1.2238489870367262       -1.8868487005364429        5.6775839175596222E-007   6.8192240304517112E-009  -8.5892909539267894E-009
   1.0000000000000000        3.9399473685675005E-009  -8.9723170881288971E-009   0.0000000000000000        0.0000000000000000        1.2973379027964439E-003  -1.9937235175504737E-011   2.5973411085529778       -2.5973222639645424       -8.5472851639691605       -2.5358855902437936E-006   1.9471194971771222E-007   4.1586515668756352E-007   1.5858028463800640E-007   4.9789452069063970E-007   1.2900903783526330       -1.2900479840283690       -1.8868487005326986        6.3084265738687341E-007   7.9227678431119732E-009  -9.9317133004673128E-009
   2.0000000000000000        7.7424926935388912E-009  -2.1812325222177753E-008   0.0000000000000000        0.0000000000000000        2.5946758055920356E-003  -7.9748940689628585E-011   3.6732083470394010       -3.6731550464943168       -8.5472851640211509       -5.0717711797608914E-006   3.8323115989770266E-007   6.4081548930284100E-007   3.1205847497680424E-007   8.4031434233583328E-007   1.8244932878698981       -1.8243733786132690       -1.8868487004735823        1.2616853109925589E-006   2.1734335072630116E-008  -2.5381718781961293E-008
   3.0000000000000000        1.1109159846425007E-008  -3.5975774600819658E-008   0.0000000000000000        0.0000000000000000        3.8920137083859230E-003  -1.7943511650519107E-010   4.4987594046414978       -4.4986614852876494       -8.5472851641077998       -7.6076567678246226E-006   5.5077165602595052E-007   8.0037822626506752E-007   4.4842880470249281E-007   1.1295247047221989E-006   2.2345755134066643       -2.2343552260361990       -1.8868487003750543        1.8925279570358932E-006   4.0197732034447038E-008  -4.3235218435592774E-008
   4.0000000000000000        1.4136829608861384E-008  -5.0881666827829802E-008   0.0000000000000000        0.0000000000000000        5.1893516111772547E-003  -3.1899576256025714E-010   5.1947387514251941       -5.1945879947177245       -8.5472851642291108       -1.0143542353708196E-005   7.0208655034167132E-007   9.2322685167158977E-007   5.7158152571618040E-007   1.3888795367466395E-006   2.5803079453516635       -2.5799687907583229       -1.8868487002371159        2.5233705917357637E-006   6.3055105163440634E-008  -6.2477641167982972E-008
   5.0000000000000009        1.6897168268244409E-008  -6.6276131441234288E-008   0.0000000000000000        0.0000000000000000        6.4866895139651772E-003  -4.9843087876802469E-010   5.8079155560315154       -5.8077048671278071       -8.5472851643850820       -1.2679427936685100E-005   8.4069580711567991E-007   1.0218935928839805E-006   6.8439495069061557E-007   1.6285837104675259E-006   2.8849193864458211       -2.8844454034929718       -1.8868487000597662        3.1542132113109847E-006   9.0187301154162662E-008  -8.2506436117053420E-008
   6.0000000000000000        1.9439914626420145E-008  -8.2021430316438104E-008   0.0000000000000000        0.0000000000000000        7.7840274167488410E-003  -7.1774046501704638E-010   6.3622758045577852       -6.3619988468013782       -8.5472851645757117       -1.5215313516028460E-005   9.6904266792109120E-007   1.1031795136295282E-006   7.8886675424714682E-007   1.8541739767975031E-006   3.1603227764072641       -3.1596997096359449       -1.8868486998430058        3.7850558119802732E-006   1.2152450556892646E-007  -1.0288558474903630E-007
   7.0000000000000000        2.1800642372927976E-008  -9.8033153479811819E-008   0.0000000000000000        0.0000000000000000        9.0813653195273899E-003  -9.7692452117094328E-010   6.8720682198645493       -6.8717192132027574       -8.5472851648010035       -1.7751199091011689E-005   1.0888743838653007E-006   1.1712534987821121E-006   8.8642565971534686E-007   2.0690434198326165E-006   3.4135948284515991       -3.4128096745842829       -1.8868486995868341        4.4158983899626050E-006   1.5701946631518216E-007  -1.2326508730161269E-007
   8.0000000000000000        2.4005706548277487E-008  -1.1425527572593153E-007   0.0000000000000000        0.0000000000000000        1.0378703222299977E-002  -1.2759830470687096E-009   7.3465765988475109       -7.3461501944870236       -8.5472851650609556       -2.0287084660908069E-005   1.2014851829624288E-006   1.2288831891392885E-006   9.7813010707916206E-007   2.2754440913884932E-006   3.6493463356022655       -3.6483870615579463       -1.8868486992912519        5.0467409414767200E-006   1.9663640199196972E-007  -1.4334600346526324E-007
   9.0000000000000018        2.6075245647837072E-008  -1.3064843853849958E-007   0.0000000000000000        0.0000000000000000        1.1676041125065746E-002  -1.6149160425243488E-009   7.7922494651515226       -7.7917406612640603       -8.5472851653555661       -2.2822970224990873E-005   1.3078637966336374E-006   1.2780133237696072E-006   1.0647888375773506E-006   2.4749580448489509E-006   3.8707799123340627       -3.8696352655927977       -1.8868486989562583        5.6775834627416892E-006   2.4034550897108962E-007  -1.6286259781994540E-007
   10.000000000000002        2.8025052980824264E-008  -1.4718378660620649E-007   0.0000000000000000        0.0000000000000000        1.2973379027823848E-002  -1.9937235073272299E-009   8.2137819323890877       -8.2131860141792750       -8.5472851656848370       -2.5358855782533478E-005   1.4087854354757777E-006   1.3200699714126275E-006   1.1470360621437188E-006   2.6687450947071462E-006   4.0802273240741016       -4.0788866978488141       -1.8868486985818531        6.3084259499758747E-006   2.8811991298787665E-007  -1.8157217955916856E-007
   20.000000000000004        4.2899992084065622E-008  -3.1717509790874844E-007   0.0000000000000000        0.0000000000000000        2.5946758054795627E-002  -7.9748939053930236E-009   11.616463209737969       -11.614777698512905       -8.5472851708838569       -5.0717710838373192E-005   2.2141126111555248E-006   1.5089429746126796E-006   1.8056562717131014E-006   4.4195193540191771E-006   5.7712610388282739       -5.7674691754206986       -1.8868486926702037        1.2616848118784228E-005   9.8331284378832284E-007  -2.7925353032160132E-007
   29.999999999999996        5.2346406523496287E-008  -4.9137487104659758E-007   0.0000000000000000        0.0000000000000000        3.8920137080063255E-002  -1.7943510822448522E-008   14.227719870704584       -14.224623388873058       -8.5472851795488900       -7.6076564440825007E-005   2.7945916286540712E-006   1.4855136492877202E-006   2.2858664204658073E-006   5.9997309806389522E-006   7.0694838927807009       -7.0625177954157126       -1.8868486828174622        1.8925262725266824E-005   2.0467074615619319E-006  -9.1755159348328520E-008
   40.000000000000007        5.8242407287617952E-008  -6.6746656231021883E-007   0.0000000000000000        0.0000000000000000        5.1893516102774692E-002  -3.1899573638912082E-008   16.429351794552243       -16.424584448926073       -8.5472851916799346       -1.0143541586319668E-004   3.2420590528551975E-006   1.3643890006764455E-006   2.6630140826371418E-006   7.5021866107212751E-006   8.1644783198790183       -8.1537533125116539       -1.8868486690236408        2.5233665988276565E-005   3.4196589430588250E-006   5.3564055487239623E-007
   50.000000000000000        6.1407943892639194E-008  -8.4457453779111542E-007   0.0000000000000000        0.0000000000000000        6.4866895122077828E-002  -4.9843081487368068E-008   18.369240093730454       -18.362577525716617       -8.5472852072769943       -1.2679426437879355E-004   3.5964914281111045E-006   1.1888003936149635E-006   2.9699625908783490E-006   8.9617381236227577E-006   9.1296643299947959       -9.1146756785786565       -1.8868486512887570        3.1542054126696869E-005   5.0169222333388876E-006   1.7409427887347347E-006
   60.000000000000007        6.2297663383872647E-008  -1.0222577782076415E-006   0.0000000000000000        0.0000000000000000        7.7840274137120635E-002  -7.1774033252570923E-008   20.123224332181110       -20.114466159150595       -8.5472852263400618       -1.5215310926092291E-004   3.8799917955494035E-006   9.8040407215900134E-007   3.2249113203852414E-006   1.0395751138249566E-005   10.002689726350624       -9.9829866356617281       -1.8868486296128328        3.7850423359437431E-005   6.7275353897961499E-006   3.6474096597480453E-006
   69.999999999999986        6.1199748134626958E-008  -1.2002573035323308E-006   0.0000000000000000        0.0000000000000000        9.0813653147051004E-002  -9.7692427571447733E-008   21.736355011911268       -21.725318452604665       -8.5472852488691409       -1.7751194978289205E-004   4.1065300345427168E-006   7.5180041813286069E-007   3.4393775088060135E-006   1.1814264967468425E-005   10.805915269379962       -10.781086542265761       -1.8868486039958940        4.4158769905447616E-005   8.4162517507485644E-006   6.3623618505424447E-006
   80.000000000000014        5.8313586921467644E-008  -1.3784053741263511E-006   0.0000000000000000        0.0000000000000000       0.10378703215101694       -1.2759826283308028E-007   23.237983943770661       -23.224499854562247       -8.5472852748642261       -2.0287078521800958E-004   4.2857428498735572E-006   5.1104135241849456E-007   3.6213133608425879E-006   1.3223645919425600E-005   11.553907804024359       -11.523572924311837       -1.8868485744379730        5.0467089983723153E-005   9.9251654183110008E-006   9.9751367676075002E-006
   90.000000000000000        5.3786022122879437E-008  -1.5565856497669180E-006   0.0000000000000000        0.0000000000000000       0.11676041114816628       -1.6149153717872410E-007   24.648498216580226       -24.632408425857296       -8.5472853043253210       -2.2822961483958220E-004   4.4247049525724769E-006   2.6361111698696003E-007   3.7765603513379105E-006   1.4628190691899238E-005   12.256783819157537       -12.220586954903448       -1.8868485409391054        5.6775379813317527E-005   1.1075500373026950E-005   1.4554775320091877E-005
