   1.0000000000000000E-002   3.9423718817993452E-011  -8.9712562880023688E-011   0.0000000000000000        0.0000000000000000        1.2973379027965858E-005  -1.9937235176536040E-015  0.25973317804632395      -0.25973315920173551       -8.5472851639518321       -2.5358855903649022E-008   1.9448353347451495E-009   4.1603936316435009E-009   1.5850828452346217E-009   4.9787918042945705E-009  0.12900693929730081      -0.12900689690297654       -1.8868487005524024        6.3084265801700575E-009   7.9273165579073164E-011  -9.9291087692283237E-011
   2.0000000000000000E-002   7.7541423399199185E-011  -2.1808632216257209E-010   0.0000000000000000        0.0000000000000000        2.5946758055931715E-005  -7.9748940706145437E-015  0.36731819631651424      -0.36731814301596921       -8.5472851639518375       -5.0717711807297303E-008   3.8258170587542851E-009   6.4137878159510512E-009   3.1180582881626800E-009   8.4033482239603777E-009  0.18244339317180761      -0.18244327326255091       -1.8868487005523964        1.2616853160336333E-008   2.1756122894774217E-010  -2.5367810329609932E-010
   3.0000000000000006E-002   1.1137536913275669E-010  -3.5968409447372824E-010   0.0000000000000000        0.0000000000000000        3.8920137083897578E-005  -1.7943511658882164E-014  0.44987109342735371      -0.44987099550799986       -8.5472851639518463       -7.6076567710943556E-008   5.4960159738435971E-009   8.0148393464757145E-009   4.4792125240942714E-009   1.1296275550290321E-008  0.22344664682102885      -0.22344642653365801       -1.8868487005523866        1.8925279740495081E-008   4.0251644702937737E-010  -4.3196953237854563E-010
   4.0000000000000001E-002   1.4189648728290819E-010  -5.0869845287252347E-010   0.0000000000000000        0.0000000000000000        5.1893516111863424E-005  -3.1899576282456969E-014  0.51946641262641879      -0.51946626186971134       -8.5472851639518588       -1.0143542361458927E-007   7.0032971059604628E-009   9.2500002734056290E-009   5.7075760561398898E-009   1.3891040205938736E-008  0.25801400577763117      -0.25801366662303699       -1.8868487005523726        2.5233706320642418E-008   6.3156991406234741E-010  -6.2397847805477271E-010
   5.0000000000000003E-002   1.6982251558644993E-010  -6.6259224741275966E-010   0.0000000000000000        0.0000000000000000        6.4866895139829270E-005  -4.9843087941337285E-014  0.58078112639920798      -0.58078091571030410       -8.5472851639518730       -1.2679427951822982E-007   8.3830471642920356E-009   1.0244418987666709E-008   6.8320015616438427E-009   1.6289639302046476E-008  0.28846847543123694      -0.28846800144828233       -1.8868487005523547        3.1542132900775038E-008   9.0353384666081556E-010  -8.2363921701475253E-010
   6.0000000000000005E-002   1.9565150382554299E-010  -8.1998917969173837E-010   0.0000000000000000        0.0000000000000000        7.7840274167795116E-005  -7.1774046635521438E-014  0.63621387088402859      -0.63621359392627208       -8.5472851639518908       -1.5215313542186880E-007   9.6598218069033595E-009   1.1065984995481675E-008   7.8725103990466957E-009   1.8547402161685388E-008  0.31600143416790871      -0.31600081110113393       -1.8868487005523333        3.7850559480888087E-008   1.2177096674045944E-009  -1.0265519468333726E-009
   7.0000000000000007E-002   2.1973964269025663E-010  -9.8004597111876672E-010   0.0000000000000000        0.0000000000000000        9.0813653195760962E-005  -9.7692452365008098E-014  0.68718954591734172      -0.68718919691067970       -8.5472851639519156       -1.7751199132550211E-007   1.0851182358326314E-008   1.1756296263444799E-008   8.8434212460146798E-009   2.0698229964089977E-008  0.34132061527702090      -0.34131983012314776       -1.8868487005523076        4.4158986060978809E-008   1.5736210088889247E-009  -1.2291774826489957E-009
   8.0000000000000002E-002   2.4235081548727344E-010  -1.1422030295054094E-009   0.0000000000000000        0.0000000000000000        1.0378703222372679E-004  -1.2759830512979259E-013  0.73463655253469518      -0.73463612613033458       -8.5472851639519405       -2.0287084722913103E-007   1.1970138879601187E-008   1.2342957538205257E-008   9.7553420526155660E-009   2.2764619278884417E-008  0.36488714607170630      -0.36488618679765272       -1.8868487005522783        5.0467412641042830E-008   1.9709032288727017E-009  -1.4284875844810695E-009
   9.0000000000000024E-002   2.6368666274065850E-010  -1.3060673225386753E-009   0.0000000000000000        0.0000000000000000        1.1676041125169263E-004  -1.6149160492988110E-013  0.77919976027407767      -0.77919925147018998       -8.5472851639519707       -2.2822970313275365E-007   1.3026632516125648E-008   1.2845357648426384E-008   1.0616378628852475E-008   2.4762370714000291E-008  0.38702132662424760      -0.38702018197749233       -1.8868487005522447        5.6775839221076880E-008   2.4092487548168098E-009  -1.6217863778893234E-009
  0.10000000000000001        2.8390532014732567E-010  -1.4713507749451285E-009   0.0000000000000000        0.0000000000000000        1.2973379027965846E-004  -1.9937235176528126E-013  0.82134869470367877      -0.82134809878546855       -8.5472851639520027       -2.5358855903636963E-007   1.4028459394462404E-008   1.3277708115515115E-008   1.1432887905980922E-008   2.6703065437593074E-008  0.40795636542895514      -0.40795502480270956       -1.8868487005522074        6.3084265801076731E-008   2.8883767878666539E-009  -1.8066087437248551E-009
  0.20000000000000001        4.4429334603277582E-010  -3.1704934491800702E-009   0.0000000000000000        0.0000000000000000        2.5946758055931600E-004  -7.9748940705982641E-013   1.1615628848654369       -1.1615611993542068       -8.5472851639525231       -5.0717711807201082E-007   2.2008592746987531E-008   1.5314681277110170E-008   1.7938763635453709E-008   4.4248131908442491E-008  0.57693837281450966      -0.57693458095087247       -1.8868487005516161        1.2616853159837228E-007   9.8570191621027001E-009  -2.7301946242764687E-009
  0.30000000000000004        5.5849305019177597E-010  -4.9117769483244675E-009   0.0000000000000000        0.0000000000000000        3.8920137083897199E-004  -1.7943511658800435E-012   1.4226187021185768       -1.4226156056367247       -8.5472851639533900       -7.6076567710620119E-007   2.7752366991729627E-008   1.5269422304819723E-008   2.2626158992248065E-008   6.0098695727984485E-008  0.70660347423514458      -0.70659650813683073       -1.8868487005506307        1.8925279738810474E-007   2.0491681800853300E-008  -7.2261625739560108E-010
  0.40000000000000002        6.4529924755775431E-010  -6.6722433078983332E-009   0.0000000000000000        0.0000000000000000        5.1893516111862516E-004  -3.1899576282193539E-012   1.6426991771637403       -1.6426944098180583       -8.5472851639546032       -1.0143542361382087E-006   3.2186054563356172E-008   1.4274922430761805E-008   2.6250582846920127E-008   7.5177713361130027E-008  0.81591675275458952      -0.81590602774462540       -1.8868487005492511        2.5233706316649230E-007   3.4161580510546724E-008   5.7915454115983888E-009
  0.50000000000000000        7.1290068541561663E-010  -8.4433117722960223E-009   0.0000000000000000        0.0000000000000000        6.4866895139827519E-004  -4.9843087940701663E-012   1.8365941796185352       -1.8365875170503996       -8.5472851639561629       -1.2679427951673151E-006   3.5713123901155659E-008   1.2754770227814944E-008   2.9141195225872147E-008   8.9830137101250505E-008  0.91222416044782062      -0.91220917179073335       -1.8868487005474779        3.1542132892975519E-007   4.9953629025619910E-008   1.8209757411871174E-008
  0.60000000000000009        7.6581966506017915E-010  -1.0220731235422721E-008   0.0000000000000000        0.0000000000000000        7.7840274167792088E-004  -7.1774046634194262E-012   2.0118888521688780       -2.0118800939956172       -8.5472851639580689       -1.5215313541927900E-006   3.8556343601828574E-008   1.0918876536109261E-008   3.1479772884401164E-008   1.0422685149159573E-007  0.99929314229820032      -0.99927343919677702       -1.8868487005453103        3.7850559467412570E-007   6.6683393454359867E-008   3.7767347415218130E-008
  0.70000000000000018        8.0690469454238849E-010  -1.2002059599387778E-008   0.0000000000000000        0.0000000000000000        9.0813653195756159E-004  -9.7692452362549347E-012   2.1730891158150216       -2.1730780792553208       -8.5472851639603231       -1.7751199132138916E-006   4.0856002513769402E-008   8.8878557149557913E-009   3.3380810806312479E-008   1.1846601079810399E-007   1.0793617296576985       -1.0793369009121723       -1.8868487005427488        4.4158986039579027E-007   8.2911816211074432E-008   6.5522129937628204E-008
  0.80000000000000004        8.3810955079100229E-010  -1.3785757995131035E-008   0.0000000000000000        0.0000000000000000        1.0378703222371959E-003  -1.2759830512560722E-011   2.3231308262744728       -2.3231173421846325       -8.5472851639629219       -2.0287084722298962E-006   4.2708306129329212E-008   6.7377277445693837E-009   3.4922838889111177E-008   1.3260945464610617E-007   1.1538881213214285       -1.1538577864123343       -1.8868487005397927        5.0467412609099565E-007   9.6964272582330282E-008   1.0233072591709917E-007
  0.90000000000000013        8.6085735442312111E-010  -1.5570793520065208E-008   0.0000000000000000        0.0000000000000000        1.1676041125168238E-003  -1.6149160492318339E-011   2.4640532351435742       -2.4640371453518966       -8.5472851639658671       -2.2822970312401462E-006   4.4183318181528486E-008   4.5195267513701136E-009   3.6163056812751660E-008   1.4669867964205826E-007   1.2238851839453522       -1.2238489870367262       -1.8868487005364429        5.6775839175596222E-007   1.0695168749446041E-007   1.4882252979623082E-007
   1.0000000000000000        8.7623221077192981E-010  -1.7356440729170342E-008   0.0000000000000000        0.0000000000000000        1.2973379027964439E-003  -1.9937235175504737E-011   2.5973411085529778       -2.5973222639645424       -8.5472851639691605       -2.5358855902437936E-006   4.5334403690707604E-008   2.2691006385794169E-009   3.7145037432349963E-008   1.6076282039421687E-007   1.2900903783526330       -1.2900479840283690       -1.8868487005326986        6.3084265738687341E-007   1.1079378903531685E-007   2.0537351636699671E-007
   2.0000000000000000        7.5700052871615092E-010  -3.5175166539779371E-008   0.0000000000000000        0.0000000000000000        2.5946758055920356E-003  -7.9748940689628585E-011   3.6732083470394010       -3.6731550464943168       -8.5472851640211509       -5.0717711797608914E-006   4.5551120336128892E-008  -1.8479794199710114E-008   3.8088385185626149E-008   3.0288739867597403E-007   1.8244932878698981       -1.8243733786132690       -1.8868487004735823        1.2616853109925589E-006  -7.2570453310936013E-007   1.1803035996347127E-006
   3.0000000000000000        3.5069816174005772E-010  -5.2854968836743385E-008   0.0000000000000000        0.0000000000000000        3.8920137083859230E-003  -1.7943511650519107E-010   4.4987594046414978       -4.4986614852876494       -8.5472851641077998       -7.6076567678246226E-006   3.5526497171314537E-008  -3.2568741902125895E-008   3.1302573338609804E-008   4.5051009265469219E-007   2.2345755134066643       -2.2343552260361990       -1.8868487003750543        1.8925279570358932E-006  -4.6486723732116148E-006   9.9035918488369215E-007
   4.0000000000000000       -1.9773603157507230E-010  -7.0389861711801062E-008   0.0000000000000000        0.0000000000000000        5.1893516111772547E-003  -3.1899576256025714E-010   5.1947387514251941       -5.1945879947177245       -8.5472851642291108       -1.0143542353708196E-005   2.2386879892405387E-008  -3.9718131725368937E-008   2.2612047288887955E-008   6.0383482531651923E-007   2.5803079453516635       -2.5799687907583229       -1.8868487002371159        2.5233705917357637E-006  -1.1287887680286523E-005  -5.8126895724519430E-006
   5.0000000000000009       -8.2058576496148845E-010  -8.7806931834884881E-008   0.0000000000000000        0.0000000000000000        6.4866895139651772E-003  -4.9843087876802469E-010   5.8079155560315154       -5.8077048671278071       -8.5472851643850820       -1.2679427936685100E-005   9.4588877464436299E-009  -4.1289533180392740E-008   1.4737223978871031E-008   7.6173476448912167E-007   2.8849193864458211       -2.8844454034929718       -1.8868487000597662        3.1542132113109847E-006  -1.3757037376804543E-005  -2.5807487270408517E-005
   6.0000000000000000       -1.4847993893345107E-009  -1.0513846201711431E-007   0.0000000000000000        0.0000000000000000        7.7840274167488410E-003  -7.1774046501704638E-010   6.3622758045577852       -6.3619988468013782       -8.5472851645757117       -1.5215313516028460E-005  -1.6369800935473019E-009  -3.8905376568257990E-008   9.0047453657600200E-009   9.2287354038514803E-007   3.1603227764072641       -3.1596997096359449       -1.8868486998430058        3.7850558119802732E-006   3.5762766660383001E-006  -6.0861212734307931E-005
   7.0000000000000000       -2.1770434112784331E-009  -1.2241383973522462E-007   0.0000000000000000        0.0000000000000000        9.0813653195273899E-003  -9.7692452117094328E-010   6.8720682198645493       -6.8717192132027574       -8.5472851648010035       -1.7751199091011689E-005  -1.0251121860986386E-008  -3.4047818185017119E-008   5.9481022159284248E-009   1.0860308258598665E-006   3.4135948284515991       -3.4128096745842829       -1.8868486995868341        4.4158983899626050E-006   6.3150827848968444E-005  -9.9909343166505895E-005
   8.0000000000000000       -2.8955777204075364E-009  -1.3965667918729269E-007   0.0000000000000000        0.0000000000000000        1.0378703222299977E-002  -1.2759830470687096E-009   7.3465765988475109       -7.3461501944870236       -8.5472851650609556       -2.0287084660908069E-005  -1.6304989544765017E-008  -2.7915779390030709E-008   5.6341719310274095E-009   1.2502182298649647E-006   3.6493463356022655       -3.6483870615579463       -1.8868486992912519        5.0467409414767200E-006   1.8626373152826121E-004  -1.1082140182411734E-004
   9.0000000000000018       -3.6450393596072200E-009  -1.5688425453401620E-007   0.0000000000000000        0.0000000000000000        1.1676041125065746E-002  -1.6149160425243488E-009   7.7922494651515226       -7.7917406612640603       -8.5472851653555661       -2.2822970224990873E-005  -2.0034253565151841E-008  -2.1396418310471089E-008   7.8729057955399482E-009   1.4147022149982391E-006   3.8707799123340627       -3.8696352655927977       -1.8868486989562583        5.6775834627416892E-006   3.7851511182960266E-004  -3.5949695286023963E-005
   10.000000000000002       -4.4330245707106598E-009  -1.7410807690632949E-007   0.0000000000000000        0.0000000000000000        1.2973379027823848E-002  -1.9937235073272299E-009   8.2137819323890877       -8.2131860141792750       -8.5472851656848370       -2.5358855782533478E-005  -2.1820451846510706E-008  -1.5093242645347199E-008   1.2354758559953676E-008   1.5789809853055025E-006   4.0802273240741016       -4.0788866978488141       -1.8868486985818531        6.3084259499758747E-006   6.0986978720095283E-004   2.0445165756232482E-004
   20.000000000000004       -1.5846632131038831E-008  -3.4652672345313244E-007   0.0000000000000000        0.0000000000000000        2.5946758054795627E-002  -7.9748939053930236E-009   11.616463209737969       -11.614777698512905       -8.5472851708838569       -5.0717710838373192E-005  -4.2080519734088759E-009   8.9461175603291149E-009   1.2242240901714491E-007   3.1864330572766101E-006   5.7712610388282739       -5.7674691754206986       -1.8868486926702037        1.2616848118784228E-005  -3.2752997722031253E-002  -2.0211346892182819E-002
   29.999999999999996       -3.5077320537451127E-008  -5.1793344475768477E-007   0.0000000000000000        0.0000000000000000        3.8920137080063255E-002  -1.7943510822448522E-008   14.227719870704584       -14.224623388873058       -8.5472851795488900       -7.6076564440825007E-005   3.1569635116944269E-009   2.5283754927267040E-009   2.8968588521311894E-007   4.7569600178422545E-006   7.0694838927807009       -7.0625177954157126       -1.8868486828174622        1.8925262725266824E-005  0.78424152404171654       -8.4646201941233311E-003
   40.000000000000007       -6.1870348158680839E-008  -6.8691464797517000E-007   0.0000000000000000        0.0000000000000000        5.1893516102774692E-002  -3.1899573638912082E-008   16.429351794552243       -16.424584448926073       -8.5472851916799346       -1.0143541586319668E-004   1.6217657969923014E-009  -7.9204640211713658E-010   5.1357046727915618E-007   6.3105000788662187E-006   8.1644783198790183       -8.1537533125116539       -1.8868486690236408        2.5233665988276565E-005  -5.2134885670368938        7.8484768982415263     
   50.000000000000000       -9.5746248604568445E-008  -8.5276057821352149E-007   0.0000000000000000        0.0000000000000000        6.4866895122077828E-002  -4.9843081487368068E-008   18.369240093730454       -18.362577525716617       -8.5472852072769943       -1.2679426437879355E-004   1.0035057556645421E-010  -8.5444172427949542E-010   7.9876645664841776E-007   7.8403476250942930E-006   9.1296643299947959       -9.1146756785786565       -1.8868486512887570        3.1542054126696869E-005  -49.323052291387384       -65.026872251729401     
   60.000000000000007       -1.3631458039452005E-007  -1.0148574990051662E-006   0.0000000000000000        0.0000000000000000        7.7840274137120635E-002  -7.1774033252570923E-008   20.123224332181110       -20.114466159150595       -8.5472852263400618       -1.5215310926092291E-004  -3.0682084934054819E-010  -3.0377047794133315E-010   1.1428581820861013E-006   9.3380316371106552E-006   10.002689726350624       -9.9829866356617281       -1.8868486296128328        3.7850423359437431E-005   494.47706402921278       -269.55093770182253     
   69.999999999999986       -1.8315620083834044E-007  -1.1726035528132657E-006   0.0000000000000000        0.0000000000000000        9.0813653147051004E-002  -9.7692427571447733E-008   21.736355011911268       -21.725318452604665       -8.5472852488691409       -1.7751194978289205E-004  -2.2553174917992227E-010   1.2844904681648643E-011   1.5413917962823231E-006   1.0797089561600051E-005   10.805915269379962       -10.781086542265761       -1.8868486039958940        4.4158769905447616E-005   1543.2479370068068        2893.9128106951812     
   80.000000000000014       -2.3579149663682896E-007  -1.3254353626260033E-006   0.0000000000000000        0.0000000000000000       0.10378703215101694       -1.2759826283308028E-007   23.237983943770661       -23.224499854562247       -8.5472852748642261       -2.0287078521800958E-004  -8.1784479929522249E-011   9.1000803780956597E-011   1.9895379471403011E-006   1.2212323921705425E-005   11.553907804024359       -11.523572924311837       -1.8868485744379730        5.0467089983723153E-005  -13879.398932494734        9333.5010406454221     
   90.000000000000000       -2.9368652844551258E-007  -1.4728478648874875E-006   0.0000000000000000        0.0000000000000000       0.11676041114816628       -1.6149153717872410E-007   24.648498216580226       -24.632408425857296       -8.5472853043253210       -2.2822961483958220E-004   2.9182063164910043E-013   6.8241796715335549E-011   2.4822648919738441E-006   1.3579264093790549E-005   12.256783819157537       -12.220586954903448       -1.8868485409391054        5.6775379813317527E-005  -54148.910872990717       -54194.207561697498     
