   1.0000000000000000E-002   2.6035811534853566E-012  -3.8204322271302851E-012   0.0000000000000000        0.0000000000000000        1.1821913769721507E-005  -2.0749472247610682E-016  0.55106350777061242      -0.55106349440567137       -9.4045402545402546       -5.6188641060052554E-009   1.0283669316774776E-009   5.2544626332683378E-009   9.7643898331895384E-010   5.3306400239529677E-009  0.12094191305945957      -0.12094187337968167       -2.1502971003317213        2.3295524479662611E-009   2.9692327845279997E-012  -3.8792188647388547E-012
   2.0000000000000000E-002   6.1774246752759710E-012  -1.0260842616331707E-011   0.0000000000000000        0.0000000000000000        2.3643827539443015E-005  -8.2997888990443239E-016  0.77932149586853217      -0.77932145806677033       -9.4045402545402581       -1.1237728212010400E-008   2.4400157471952848E-009   9.4741055805177723E-009   2.3167882343994424E-009   9.6787075940248621E-009  0.17103772176588300      -0.17103760953452288       -2.1502971003317191        4.6591048959311516E-009   7.5213452777632346E-012  -1.0538902675450084E-011
   3.0000000000000006E-002   9.9796099260428963E-012  -1.8059509454287894E-011   0.0000000000000000        0.0000000000000000        3.5465741309164526E-005  -1.8674525022846784E-015  0.95447001680458488      -0.95446994735831414       -9.4045402545402581       -1.6856592318015462E-008   3.9419056402383079E-009   1.3157269452534719E-008   3.7428046158737256E-009   1.3517387064323254E-008  0.20947760691097775      -0.20947740072880369       -2.1502971003317155        6.9886573438933455E-009   1.2822416021291242E-011  -1.8731432818850202E-011
   4.0000000000000001E-002   1.3845291936468554E-011  -2.6789990027715678E-011   0.0000000000000000        0.0000000000000000        4.7287655078886030E-005  -3.3199155596173971E-015   1.1021270556360492       -1.1021269487165208       -9.4045402545402581       -2.2475456424020651E-008   5.4689250612947568E-009   1.6472386027761423E-008   5.1926661324885559E-009   1.7006607541858363E-008  0.24188394515830586      -0.24188362772008268       -2.1502971003317106        9.3182097918513414E-009   1.8654347002171534E-011  -2.8029717247103707E-011
   5.0000000000000003E-002   1.7709317096033067E-011  -3.6222164594556985E-011   0.0000000000000000        0.0000000000000000        5.9109568848607534E-005  -5.1873680619026710E-015   1.2322155230644083       -1.2322153736398249       -9.4045402545402599       -2.8094320530025701E-008   6.9953383599866287E-009   1.9510345715811769E-008   6.6419381314956870E-009   2.0232670998438416E-008  0.27043451638327753      -0.27043407274987391       -2.1502971003317040        1.1647762239804548E-008   2.4915162909032407E-011  -3.8199470567780894E-011
   6.0000000000000005E-002   2.1541465093901827E-011  -4.6211108189265084E-011   0.0000000000000000        0.0000000000000000        7.0931482618329038E-005  -7.4698100091378868E-015   1.3498244917494517       -1.3498242953257362       -9.4045402545402599       -3.3713184636030407E-008   8.5092079615402014E-009   2.2328389662373986E-008   8.0792870298928180E-009   2.3249928748604592E-008  0.29624621849989508      -0.29624563532864129       -2.1502971003316964        1.3977314687750386E-008   3.1547098002009140E-011  -4.9090541142592888E-011
   7.0000000000000007E-002   2.5326836163162843E-011  -5.6657300407264837E-011   0.0000000000000000        0.0000000000000000        8.2753396388050569E-005  -1.0167241401329379E-014   1.4579771042448859       -1.4579768567227147       -9.4045402545402617       -3.9332048742035636E-008   1.0004647746409835E-008   2.4965825614808502E-008   9.4991249306130575E-009   2.6095704006920900E-008  0.31998253998842263      -0.31998180510865182       -2.1502971003316866        1.6306867135687990E-008   3.8513634444898364E-011  -6.0597945725744358E-011
   8.0000000000000002E-002   2.9058118576402887E-011  -6.7488408483127105E-011   0.0000000000000000        0.0000000000000000        9.4575310157772060E-005  -1.3279662238470353E-014   1.5586431051423566       -1.5586428027282631       -9.4045402545402634       -4.4950912848040462E-008   1.1478768857610890E-008   2.7451223037685542E-008   1.0898709686523187E-008   2.8797123785399312E-008  0.34207578022614649      -0.34207488237526557       -2.1502971003316760        1.8636419583615998E-008   4.5789924609916971E-011  -7.2643971725970611E-011
   9.0000000000000024E-002   3.2732048741347860E-011  -7.8649680936989205E-011   0.0000000000000000        0.0000000000000000        1.0639722392749358E-004  -1.6807072520560419E-014   1.6531906836911399       -1.6531903228377323       -9.4045402545402670       -5.0569776954044797E-008   1.2930281483455792E-008   2.9806207316698253E-008   1.2276817330380140E-008   3.1374721575053925E-008  0.36282621533613796      -0.36282514398213467       -2.1502971003316635        2.0965972031531643E-008   5.3358128702871647E-011  -8.5168698092889487E-011
  0.10000000000000001        3.6347624434831485E-011  -9.0098381189874159E-011   0.0000000000000000        0.0000000000000000        1.1821913769721505E-004  -2.0749472247608611E-014   1.7426160101434900       -1.7426155875069460       -9.4045402545402705       -5.6188641060049318E-008   1.4358789101902506E-008   3.2047658308068808E-008   1.3633071980958079E-008   3.3844524910166459E-008  0.38245247449964742      -0.38245121971489532       -2.1502971003316498        2.3295524479436917E-008   6.1204897074088482E-011  -9.8124474910867797E-011
  0.20000000000000001        6.9558027710445248E-011  -2.1510241708190345E-010   0.0000000000000000        0.0000000000000000        2.3643827539443008E-004  -8.2997888990427149E-014   2.4644314944026386       -2.4644302990059743       -9.4045402545403096       -1.1237728212007921E-007   2.7482817509822662E-008   5.0307855595675377E-008   2.6092762794032763E-008   5.4598337459231501E-008  0.54087036366973151      -0.54086681460250285       -2.1502971003314340        4.6591048957504790E-008   1.5344063497629184E-010  -2.4519165767878511E-010
  0.30000000000000004        9.8548714731071498E-011  -3.5122360468860841E-010   0.0000000000000000        0.0000000000000000        3.5465741309164512E-004  -1.8674525022842786E-013   3.0183001996796466       -3.0182980035957430       -9.4045402545403753       -1.6856592318006940E-007   3.8944133246619281E-008   6.4176472299835830E-008   3.6973093515334199E-008   7.1182859961477317E-008  0.66242929067252199      -0.66242277061969246       -2.1502971003310734        6.9886573432829821E-008   2.6842003767108510E-010  -4.1388807003991026E-010
  0.40000000000000002        1.2454699775021587E-010  -4.9346481096098638E-010   0.0000000000000000        0.0000000000000000        4.7287655078885995E-004  -3.3199155596141143E-013   3.4852332881970276       -3.4852299071046744       -9.4045402545404659       -2.2475456424000711E-007   4.9227326790565634E-008   7.5627314663261017E-008   4.6734339882460390E-008   8.5472172684946047E-008  0.76490871337032806      -0.76489867509231146       -2.1502971003305689        9.3182097904047160E-008   4.0462689279955140E-010  -5.9693073876420800E-010
  0.50000000000000000        1.4830809587872265E-010  -6.3970533358903125E-010   0.0000000000000000        0.0000000000000000        5.9109568848607482E-004  -5.1873680618955053E-013   3.8966097474491348       -3.8966050222289215       -9.4045402545405850       -2.8094320529986973E-007   5.8630593432981441E-008   8.5498056453032429E-008   5.5659729894452161E-008   9.8261605308805627E-008  0.85519534274223363      -0.85518131382221962       -2.1502971003299201        1.1647762236977940E-007   5.6129840313388534E-010  -7.9054985823255266E-010
  0.60000000000000009        1.7031779210968211E-010  -7.8881319563349364E-010   0.0000000000000000        0.0000000000000000        7.0931482618328938E-004  -7.4698100091243867E-013   4.2685226305671113       -4.2685164191038316       -9.4045402545407306       -3.3713184635963344E-007   6.7345739999914499E-008   9.4235838427554748E-008   6.3931445508392634E-008   1.0997568473487796E-007  0.93682109739282449      -0.93680265589854717       -2.1502971003291274        1.3977314682865457E-007   7.3794817195629335E-010  -9.9231838389704883E-010
  0.70000000000000018        1.9090807573754510E-010  -9.4010171563042638E-010   0.0000000000000000        0.0000000000000000        8.2753396388050393E-004  -1.0167241401297791E-012   4.6105319480946152       -4.6105241207562795       -9.4045402545409011       -3.9332048741928152E-007   7.5503846435080190E-008   1.0211191293960401E-007   7.1673991737810687E-008   1.2087193812436136E-007   1.0118840954435682       -1.0118608565047482       -2.1502971003281899        1.6306867127929004E-007   9.3423105186190592E-010  -1.2004753666393176E-009
  0.80000000000000004        2.1031725350214729E-010  -1.0931181563567894E-009   0.0000000000000000        0.0000000000000000        9.4575310157771794E-004  -1.3279662238420244E-012   4.9288665749976239       -4.9288570118243014       -9.4045402545410983       -4.4950912847880244E-007   8.3199001425279817E-008   1.0930512462163105E-007   7.8976740035319530E-008   1.3112015620399016E-007   1.0817513746360523       -1.0817229820982259       -2.1502971003271094        1.8636419572037482E-007   1.1498866312135380E-009  -1.4136427806579461E-009
  0.90000000000000013        2.2872312916560484E-010  -1.2475458792302238E-009   0.0000000000000000        0.0000000000000000        1.0639722392749322E-003  -1.6807072520484052E-012   5.2278531020723209       -5.2278416908856293       -9.4045402545413221       -5.0569776953817206E-007   9.0501403865753663E-008   1.1594055844062412E-007   8.5906371553261550E-008   1.4083908840799053E-007   1.1473724810501817       -1.1473386018618785       -2.1502971003258837        2.0965972015044833E-007   1.3847101585678550E-009  -1.6306850546330125E-009
   1.0000000000000000        2.4626251845894607E-010  -1.4031534332663359E-009   0.0000000000000000        0.0000000000000000        1.1821913769721460E-003  -2.0749472247492037E-012   5.5106416933563045       -5.5106283284152831       -9.4045402545415726       -5.6188641059737730E-007   9.7465068611734502E-008   1.2210964928129284E-007   9.2514195797237915E-008   1.5011553611494664E-007   1.2094387722614803       -1.2093990924835867       -2.1502971003245142        2.3295524456819682E-007   1.6385355691139813E-009  -1.8506310181826458E-009
   2.0000000000000000        3.9042676308240569E-010  -2.9986665172677403E-009   0.0000000000000000        0.0000000000000000        2.3643827539442616E-003  -8.2997888988474279E-012   7.7932336705821177       -7.7931958688204155       -9.4045402545455214       -1.1237728211758571E-006   1.5495608002426215E-007   1.6820765600080631E-007   1.4705362182962588E-007   2.2808908571497947E-007   1.7104327731823390       -1.7103205418222913       -2.1502971003028910        4.6591048776569204E-007   5.1986797026041858E-009  -4.0532420412794850E-009
   3.0000000000000000        5.0177284081569981E-010  -4.6320753159039259E-009   0.0000000000000000        0.0000000000000000        3.5465741309163175E-003  -1.8674525021858412E-011   9.5447345440180413       -9.5446650977473801       -9.4045402545521029       -1.6856592317165217E-006   1.9982278799535447E-007   1.9931355531742849E-007   1.8960009084969262E-007   2.9184932926651956E-007   2.0948781320422634       -2.0946719498684780       -2.1502971002668518        6.9886572822170862E-007   1.0568331852433340E-008  -5.8939845447776198E-009
   4.0000000000000000        5.9476332823738076E-010  -6.2847267890366270E-009   0.0000000000000000        0.0000000000000000        4.7287655078882837E-003  -3.3199155593051240E-011   11.021323481666963       -11.021216562138802       -9.4045402545613150       -2.2475456422005040E-006   2.3777266838320862E-007   2.2279885768247760E-007   2.2557738540919969E-007   3.4839152212820995E-007   2.4189965891616283       -2.4186791509391985       -2.1502971002163971        9.3182096456555611E-007   1.7685467025736619E-008  -6.9559245264792056E-009
   5.0000000000000009        6.7538900799457641E-010  -7.9494918668685861E-009   0.0000000000000000        0.0000000000000000        5.9109568848601324E-003  -5.1873680611382228E-011   12.322229196057386       -12.322079771474208       -9.4045402545731616       -2.8094320526088879E-006   2.7116914954269035E-007   2.4148162435311705E-007   2.5723215738366550E-007   4.0038903218187299E-007   2.7045647722516502       -2.7041211388497470       -2.1502971001515263        1.1647761954265283E-006   2.6474140872707797E-008  -6.8823761700627430E-009
   6.0000000000000000        7.4682681994475353E-010  -9.6227519606646054E-009   0.0000000000000000        0.0000000000000000        7.0931482618318276E-003  -7.4698100075571750E-011   13.498342147619651       -13.498145723904004       -9.4045402545876406       -3.3713184629228107E-006   3.0126518115074512E-007   2.5679254935073818E-007   2.8575580417198926E-007   4.4919866891813259E-007   2.9627508703608916       -2.9621676991102968       -2.1502971000722395        1.3977314194338936E-006   3.6836004835568728E-008  -5.3460610533196329E-009
   7.0000000000000000        8.1100438993128725E-010  -1.1302374959031823E-008   0.0000000000000000        0.0000000000000000        8.2753396388033432E-003  -1.0167241398397193E-010   14.579893566491117       -14.579646044319535       -9.4045402546047523       -3.9332048731233459E-006   3.2882076661722658E-007   2.6957474832537846E-007   3.1187120459550855E-007   4.9561975602229947E-007   3.2001891882922560       -3.1994543085268905       -2.1502970999785385        1.6306866352169014E-006   4.8648171295080654E-008  -2.0391327809327873E-009
   8.0000000000000000        8.6919678242989649E-010  -1.2986980962160689E-008   0.0000000000000000        0.0000000000000000        9.4575310157746541E-003  -1.3279662233467231E-010   15.586580747192055       -15.586278333098452       -9.4045402546244965       -4.4950912831915669E-006   3.5433847357187048E-007   2.8037394512294422E-007   3.3605651461170450E-007   5.4016950780582232E-007   3.4212022704523242       -3.4203044195800838       -2.1502970998704201        1.8636418414047505E-006   6.1762794248516597E-008   3.3307071542494740E-009
   9.0000000000000018        9.2230000298328820E-010  -1.4675616912463678E-008   0.0000000000000000        0.0000000000000000        1.0639722392745727E-002  -1.6807072512555831E-010   16.532085460411505       -16.531724607003998       -9.4045402546468715       -5.0569776931085984E-006   3.7817135794074613E-007   2.8956707720005653E-007   3.5864773653889861E-007   5.8320505501587890E-007   3.6287925165554658       -3.6277211625652841       -2.1502970997478870        2.0965970366269799E-006   7.6007249989327538E-008   1.1041675920425736E-008
   10.000000000000002        9.7097259297984533E-010  -1.6367592292187301E-008   0.0000000000000000        0.0000000000000000        1.1821913769716525E-002  -2.0749472235401658E-010   17.426369307908089       -17.425946671363956       -9.4045402546718808       -5.6188641028555847E-006   4.0057882986851862E-007   2.9742724646451334E-007   3.7989181987293127E-007   6.2498506460968466E-007   3.8251459193569710       -3.8238911346238034       -2.1502970996109383        2.3295522195126825E-006   9.1184566609145378E-008   2.1358238991682327E-008
   20.000000000000004        1.2875054011302129E-009  -3.3395968238266550E-008   0.0000000000000000        0.0000000000000000        2.3643827539403153E-002  -8.2997888795076703E-010   24.644906673203796       -24.643711276538721       -9.4045402550667525       -1.1237728186813758E-005   5.7518391541626238E-007   3.3238568937228999E-007   5.4579762872382449E-007   1.0018084754042639E-006   5.4104607411863457       -5.4069116741721901       -2.1502970974485871        4.6591030683028902E-006   2.3479091358362431E-007   3.1498647745414134E-007
   29.999999999999996        1.3946144124668282E-009  -5.0522980500390618E-008   0.0000000000000000        0.0000000000000000        3.5465741309029977E-002  -1.8674524923942370E-009   30.184089079899568       -30.181892995998233       -9.4045402557248767       -1.6856592232976702E-005   6.9916320436844964E-007   3.2700187024471582E-007   6.6459378393354906E-007   1.3409882788245482E-006   6.6275212041026892       -6.6210011521594865       -2.1502970938446726        6.9886511756514921E-006   1.0169010927155312E-007   1.0286977114823555E-006
   40.000000000000007        1.3495014852530584E-009  -6.7694152811907992E-008   0.0000000000000000        0.0000000000000000        4.7287655078567130E-002  -3.3199155283588249E-009   34.854006566965928       -34.850625474616933       -9.4045402566462428       -2.2475456222447245E-005   7.9495512018046614E-007   3.0262838607024166E-007   7.5771849240123857E-007   1.6626445865476944E-006   7.6540578694730526       -7.6440195938825397       -2.1502970887991970        9.3181951708427013E-006  -7.7774213901968246E-007   2.0672844086564974E-006
   50.000000000000000        1.1751713971153594E-009  -8.4888389508074139E-008   0.0000000000000000        0.0000000000000000        5.9109568847984684E-002  -5.1873679855884320E-009   38.968436535850920       -38.963711315647807       -9.4045402578308632       -2.8094320136327884E-005   8.7155011815023045E-007   2.6737180015936280E-007   8.3378351243144023E-007   1.9743776670590133E-006   8.5589008660704700       -8.5448719513546862       -2.1502970823121679        1.1647733683172505E-005  -2.8915319771089429E-006   3.0166113900772762E-006
   60.000000000000007        8.8385173199547651E-010  -1.0209467435161889E-007   0.0000000000000000        0.0000000000000000        7.0931482617252753E-002  -7.4698098508920049E-009   42.688301102014627       -42.682089638753588       -9.4045402592787291       -3.3713183955720638E-005   9.3370625775693764E-007   2.2533011309529971E-007   8.9735633704111846E-007   2.2800073678862873E-006   9.3773444394865937       -9.3589029552381255       -2.1502970743835927        1.3977265341946472E-005  -6.5923802861000063E-006   3.1093747717398527E-006
   69.999999999999986        4.8308676311178240E-010  -1.1930623331589379E-007   0.0000000000000000        0.0000000000000000        8.2753396386341438E-002  -1.0167241108159047E-008   46.109194192810492       -46.101366854505841       -9.4045402609898439       -3.9332047661728848E-005   9.8434367982939453E-007   1.7891067535909389E-007   9.5124521171141682E-007   2.5817625354981665E-006   10.130351469806850       -10.107112548188843       -2.1502970650134814        1.6306788776481298E-005  -1.1924983208155603E-005   1.2470434965196857E-006
   80.000000000000014       -2.1999655568489333E-011  -1.3651842870307286E-007   0.0000000000000000        0.0000000000000000        9.4575310155220860E-002  -1.3279661738333194E-008   49.293399771248474       -49.283836597974847       -9.4045402629642059       -4.4950911235454289E-005   1.0254326108480973E-006   1.2966774105208502E-007   9.9734760557279329E-007   2.8810709322402527E-006   10.831578161017090       -10.803185650640595       -2.1502970542018445        1.8636302616113817E-005  -1.8450777201778444E-005  -3.9145066740016668E-006
   90.000000000000000       -6.2768158426482615E-010  -1.5372783123873161E-007   0.0000000000000000        0.0000000000000000       0.10639722392386110       -1.6807071719442600E-008   52.284179894371789       -52.272768707754587       -9.4045402652018204       -5.0569774657999744E-005   1.0583941177684527E-006   7.8672106492069688E-008   1.0370335789808498E-006   3.1789073231652859E-006   11.490508575940623       -11.456629429091969       -2.1502970419486962        2.0965805490204173E-005  -2.5088872200050561E-005  -1.3812495877241554E-005
